SEA.DAT         2.0             Header structure with coordinate parameters                     
   1
Produced by User                                                                 
UTM     
  19N   
NAS-C   10-10-2002  
KM  
44007    '4007'
  411.07 4816.71  70.100 13.8 1990   1  0 1990   1  0    0.3  277.4 9999.0 9999.0 9999.0 9999.0    3.2  262.0
  411.07 4816.71  70.100 13.8 1990   1  1 1990   1  1   -0.4  276.8 9999.0 9999.0 9999.0 9999.0    2.2  281.0
  411.07 4816.71  70.100 13.8 1990   1  2 1990   1  2   -0.9  276.3 9999.0 9999.0 9999.0 9999.0    0.9  236.0
  411.07 4816.71  70.100 13.8 1990   1  3 1990   1  3   -0.4  276.8 9999.0 9999.0 9999.0 9999.0    2.2  217.0
  411.07 4816.71  70.100 13.8 1990   1  4 1990   1  4    1.7  278.8 9999.0 9999.0 9999.0 9999.0    5.5  225.0
  411.07 4816.71  70.100 13.8 1990   1  5 1990   1  5    0.5  277.5 9999.0 9999.0 9999.0 9999.0    4.4  250.0
  411.07 4816.71  70.100 13.8 1990   1  6 1990   1  6    0.8  277.5 9999.0 9999.0 9999.0 9999.0    6.7  244.0
  411.07 4816.71  70.100 13.8 1990   1  7 1990   1  7    1.4  278.1 9999.0 9999.0 9999.0 9999.0    7.3  235.0
  411.07 4816.71  70.100 13.8 1990   1  8 1990   1  8    1.2  277.9 9999.0 9999.0 9999.0 9999.0    8.6  232.0
  411.07 4816.71  70.100 13.8 1990   1  9 1990   1  9    1.6  278.4 9999.0 9999.0 9999.0 9999.0   11.2  238.0
  411.07 4816.71  70.100 13.8 1990   1 10 1990   1 10    1.1  277.9 9999.0 9999.0 9999.0 9999.0   10.8  243.0
  411.07 4816.71  70.100 13.8 1990   1 11 1990   1 11    0.9  277.9 9999.0 9999.0 9999.0 9999.0   14.0  262.0
  411.07 4816.71  70.100 13.8 1990   1 12 1990   1 12    0.3  277.4 9999.0 9999.0 9999.0 9999.0   12.5  260.0
  411.07 4816.71  70.100 13.8 1990   1 13 1990   1 13    0.4  277.5 9999.0 9999.0 9999.0 9999.0   13.2  264.0
  411.07 4816.71  70.100 13.8 1990   1 14 1990   1 14    0.3  277.4 9999.0 9999.0 9999.0 9999.0   14.9  269.0
  411.07 4816.71  70.100 13.8 1990   1 15 1990   1 15   -0.1  277.0 9999.0 9999.0 9999.0 9999.0   12.3  278.0
  411.07 4816.71  70.100 13.8 1990   1 16 1990   1 16   -1.5  275.5 9999.0 9999.0 9999.0 9999.0   13.2  277.0
  411.07 4816.71  70.100 13.8 1990   1 17 1990   1 17   -3.6  273.3 9999.0 9999.0 9999.0 9999.0   14.7  304.0
  411.07 4816.71  70.100 13.8 1990   1 18 1990   1 18   -5.3  271.4 9999.0 9999.0 9999.0 9999.0   13.9  299.0
  411.07 4816.71  70.100 13.8 1990   1 19 1990   1 19   -6.1  270.5 9999.0 9999.0 9999.0 9999.0   10.7  305.0
  411.07 4816.71  70.100 13.8 1990   1 20 1990   1 20   -6.5  270.0 9999.0 9999.0 9999.0 9999.0    9.2  285.0
  411.07 4816.71  70.100 13.8 1990   1 21 1990   1 21   -6.2  270.1 9999.0 9999.0 9999.0 9999.0   11.0  291.0
  411.07 4816.71  70.100 13.8 1990   1 22 1990   1 22   -6.5  270.1 9999.0 9999.0 9999.0 9999.0   12.6  288.0
  411.07 4816.71  70.100 13.8 1990   1 23 1990   1 23   -7.0  269.8 9999.0 9999.0 9999.0 9999.0    8.8  286.0
  411.07 4816.71  70.100 13.8 1990   2  0 1990   2  0   -7.2  269.6 9999.0 9999.0 9999.0 9999.0   10.8  271.0
  411.07 4816.71  70.100 13.8 1990   2  1 1990   2  1   -7.5  269.4 9999.0 9999.0 9999.0 9999.0    7.7  289.0
  411.07 4816.71  70.100 13.8 1990   2  2 1990   2  2   -7.6  269.4 9999.0 9999.0 9999.0 9999.0    7.9  286.0
  411.07 4816.71  70.100 13.8 1990   2  3 1990   2  3   -7.6  269.4 9999.0 9999.0 9999.0 9999.0    8.8  290.0
  411.07 4816.71  70.100 13.8 1990   2  4 1990   2  4   -8.0  269.0 9999.0 9999.0 9999.0 9999.0   10.2  286.0
  411.07 4816.71  70.100 13.8 1990   2  5 1990   2  5   -8.2  268.9 9999.0 9999.0 9999.0 9999.0    9.0  289.0
  411.07 4816.71  70.100 13.8 1990   2  6 1990   2  6   -8.7  268.4 9999.0 9999.0 9999.0 9999.0    8.8  288.0
  411.07 4816.71  70.100 13.8 1990   2  7 1990   2  7   -9.0  268.1 9999.0 9999.0 9999.0 9999.0    8.5  284.0
  411.07 4816.71  70.100 13.8 1990   2  8 1990   2  8   -8.9  268.3 9999.0 9999.0 9999.0 9999.0    8.5  285.0
  411.07 4816.71  70.100 13.8 1990   2  9 1990   2  9   -8.0  268.8 9999.0 9999.0 9999.0 9999.0    9.1  281.0
  411.07 4816.71  70.100 13.8 1990   2 10 1990   2 10   -7.6  269.4 9999.0 9999.0 9999.0 9999.0    9.1  286.0
  411.07 4816.71  70.100 13.8 1990   2 11 1990   2 11   -7.0  270.4 9999.0 9999.0 9999.0 9999.0   11.8  265.0
  411.07 4816.71  70.100 13.8 1990   2 12 1990   2 12   -6.4  270.5 9999.0 9999.0 9999.0 9999.0   10.1  255.0
  411.07 4816.71  70.100 13.8 1990   2 13 1990   2 13   -5.2  271.6 9999.0 9999.0 9999.0 9999.0    8.4  270.0
  411.07 4816.71  70.100 13.8 1990   2 14 1990   2 14   -4.4  273.0 9999.0 9999.0 9999.0 9999.0    7.6  240.0
  411.07 4816.71  70.100 13.8 1990   2 15 1990   2 15   -2.9  274.5 9999.0 9999.0 9999.0 9999.0    8.1  235.0
  411.07 4816.71  70.100 13.8 1990   2 16 1990   2 16   -2.0  275.4 9999.0 9999.0 9999.0 9999.0    7.6  227.0
  411.07 4816.71  70.100 13.8 1990   2 17 1990   2 17   -1.5  275.9 9999.0 9999.0 9999.0 9999.0    8.6  232.0
  411.07 4816.71  70.100 13.8 1990   2 18 1990   2 18   -1.0  276.4 9999.0 9999.0 9999.0 9999.0    7.9  235.0
  411.07 4816.71  70.100 13.8 1990   2 19 1990   2 19   -1.1  276.0 9999.0 9999.0 9999.0 9999.0    7.3  239.0
  411.07 4816.71  70.100 13.8 1990   2 20 1990   2 20   -1.6  275.9 9999.0 9999.0 9999.0 9999.0    7.6  251.0
  411.07 4816.71  70.100 13.8 1990   2 21 1990   2 21   -1.8  275.6 9999.0 9999.0 9999.0 9999.0    6.1  253.0
  411.07 4816.71  70.100 13.8 1990   2 22 1990   2 22   -1.2  275.5 9999.0 9999.0 9999.0 9999.0    6.3  258.0
  411.07 4816.71  70.100 13.8 1990   2 23 1990   2 23   -1.5  274.9 9999.0 9999.0 9999.0 9999.0    6.3  268.0
  411.07 4816.71  70.100 13.8 1990   3  0 1990   3  0   -1.3  274.8 9999.0 9999.0 9999.0 9999.0    5.9  267.0
  411.07 4816.71  70.100 13.8 1990   3  1 1990   3  1   -1.6  274.4 9999.0 9999.0 9999.0 9999.0    6.0  265.0
  411.07 4816.71  70.100 13.8 1990   3  2 1990   3  2   -1.8  274.0 9999.0 9999.0 9999.0 9999.0    5.6  279.0
  411.07 4816.71  70.100 13.8 1990   3  3 1990   3  3   -2.1  273.6 9999.0 9999.0 9999.0 9999.0    4.8  271.0
  411.07 4816.71  70.100 13.8 1990   3  4 1990   3  4   -1.9  273.9 9999.0 9999.0 9999.0 9999.0    5.2  277.0
  411.07 4816.71  70.100 13.8 1990   3  5 1990   3  5   -2.6  273.3 9999.0 9999.0 9999.0 9999.0    6.1  278.0
  411.07 4816.71  70.100 13.8 1990   3  6 1990   3  6   -2.9  273.1 9999.0 9999.0 9999.0 9999.0    6.0  264.0
  411.07 4816.71  70.100 13.8 1990   3  7 1990   3  7   -2.1  273.5 9999.0 9999.0 9999.0 9999.0    4.7  266.0
  411.07 4816.71  70.100 13.8 1990   3  8 1990   3  8   -1.7  273.9 9999.0 9999.0 9999.0 9999.0    5.7  271.0
  411.07 4816.71  70.100 13.8 1990   3  9 1990   3  9   -1.3  274.4 9999.0 9999.0 9999.0 9999.0    7.0  278.0
  411.07 4816.71  70.100 13.8 1990   3 10 1990   3 10   -2.0  273.6 9999.0 9999.0 9999.0 9999.0    4.6  283.0
  411.07 4816.71  70.100 13.8 1990   3 11 1990   3 11   -1.8  273.9 9999.0 9999.0 9999.0 9999.0    1.5  330.0
  411.07 4816.71  70.100 13.8 1990   3 12 1990   3 12   -1.6  274.1 9999.0 9999.0 9999.0 9999.0    0.7   49.0
  411.07 4816.71  70.100 13.8 1990   3 13 1990   3 13   -0.4  275.4 9999.0 9999.0 9999.0 9999.0    0.1  183.0
  411.07 4816.71  70.100 13.8 1990   3 14 1990   3 14    0.1  276.0 9999.0 9999.0 9999.0 9999.0    2.5  224.0
  411.07 4816.71  70.100 13.8 1990   3 15 1990   3 15    0.4  276.4 9999.0 9999.0 9999.0 9999.0    1.8  199.0
  411.07 4816.71  70.100 13.8 1990   3 16 1990   3 16    0.1  276.0 9999.0 9999.0 9999.0 9999.0    2.9  155.0
  411.07 4816.71  70.100 13.8 1990   3 17 1990   3 17    0.1  275.9 9999.0 9999.0 9999.0 9999.0    4.4  177.0
  411.07 4816.71  70.100 13.8 1990   3 18 1990   3 18    0.8  276.4 9999.0 9999.0 9999.0 9999.0    4.3  173.0
  411.07 4816.71  70.100 13.8 1990   3 19 1990   3 19    0.9  276.4 9999.0 9999.0 9999.0 9999.0    4.0  155.0
  411.07 4816.71  70.100 13.8 1990   3 20 1990   3 20    0.9  276.4 9999.0 9999.0 9999.0 9999.0    4.0  165.0
  411.07 4816.71  70.100 13.8 1990   3 21 1990   3 21    1.1  276.6 9999.0 9999.0 9999.0 9999.0    4.8  174.0
  411.07 4816.71  70.100 13.8 1990   3 22 1990   3 22    1.2  276.8 9999.0 9999.0 9999.0 9999.0    5.9  177.0
  411.07 4816.71  70.100 13.8 1990   3 23 1990   3 23    1.6  277.1 9999.0 9999.0 9999.0 9999.0    4.7  180.0
  411.07 4816.71  70.100 13.8 1990   4  0 1990   4  0    1.7  277.4 9999.0 9999.0 9999.0 9999.0    4.3  198.0
  411.07 4816.71  70.100 13.8 1990   4  1 1990   4  1    1.6  277.4 9999.0 9999.0 9999.0 9999.0    4.9  233.0
  411.07 4816.71  70.100 13.8 1990   4  2 1990   4  2    0.8  276.8 9999.0 9999.0 9999.0 9999.0    6.8  225.0
  411.07 4816.71  70.100 13.8 1990   4  3 1990   4  3    0.4  276.4 9999.0 9999.0 9999.0 9999.0    6.1  232.0
  411.07 4816.71  70.100 13.8 1990   4  4 1990   4  4    0.0  275.9 9999.0 9999.0 9999.0 9999.0    6.1  241.0
  411.07 4816.71  70.100 13.8 1990   4  5 1990   4  5   -0.4  275.5 9999.0 9999.0 9999.0 9999.0    4.7  247.0
  411.07 4816.71  70.100 13.8 1990   4  6 1990   4  6    0.2  275.8 9999.0 9999.0 9999.0 9999.0    6.2  202.0
  411.07 4816.71  70.100 13.8 1990   4  7 1990   4  7    0.6  276.0 9999.0 9999.0 9999.0 9999.0    7.1  232.0
  411.07 4816.71  70.100 13.8 1990   4  8 1990   4  8    0.8  275.9 9999.0 9999.0 9999.0 9999.0    7.1  221.0
  411.07 4816.71  70.100 13.8 1990   4  9 1990   4  9    0.8  275.9 9999.0 9999.0 9999.0 9999.0    6.7  220.0
  411.07 4816.71  70.100 13.8 1990   4 10 1990   4 10    1.2  276.4 9999.0 9999.0 9999.0 9999.0    6.9  227.0
  411.07 4816.71  70.100 13.8 1990   4 11 1990   4 11    1.5  276.6 9999.0 9999.0 9999.0 9999.0    9.3  217.0
  411.07 4816.71  70.100 13.8 1990   4 12 1990   4 12    1.6  277.0 9999.0 9999.0 9999.0 9999.0    9.2  219.0
  411.07 4816.71  70.100 13.8 1990   4 13 1990   4 13    1.4  277.1 9999.0 9999.0 9999.0 9999.0    8.3  215.0
  411.07 4816.71  70.100 13.8 1990   4 14 1990   4 14    1.9  277.9 9999.0 9999.0 9999.0 9999.0    9.8  218.0
  411.07 4816.71  70.100 13.8 1990   4 15 1990   4 15    2.0  277.9 9999.0 9999.0 9999.0 9999.0    9.4  211.0
  411.07 4816.71  70.100 13.8 1990   4 16 1990   4 16    2.7  278.5 9999.0 9999.0 9999.0 9999.0   10.4  196.0
  411.07 4816.71  70.100 13.8 1990   4 17 1990   4 17    3.0  278.8 9999.0 9999.0 9999.0 9999.0   13.5  202.0
  411.07 4816.71  70.100 13.8 1990   4 18 1990   4 18    3.1  278.6 9999.0 9999.0 9999.0 9999.0   12.8  206.0
  411.07 4816.71  70.100 13.8 1990   4 19 1990   4 19    2.7  278.6 9999.0 9999.0 9999.0 9999.0   10.4  219.0
  411.07 4816.71  70.100 13.8 1990   4 20 1990   4 20    2.4  278.4 9999.0 9999.0 9999.0 9999.0    9.7  225.0
  411.07 4816.71  70.100 13.8 1990   4 21 1990   4 21    2.5  278.4 9999.0 9999.0 9999.0 9999.0    8.6  224.0
  411.07 4816.71  70.100 13.8 1990   4 22 1990   4 22    2.7  278.6 9999.0 9999.0 9999.0 9999.0    9.9  225.0
  411.07 4816.71  70.100 13.8 1990   4 23 1990   4 23    2.3  278.4 9999.0 9999.0 9999.0 9999.0   10.5  232.0
  411.07 4816.71  70.100 13.8 1990   5  0 1990   5  0    2.1  278.4 9999.0 9999.0 9999.0 9999.0   11.1  234.0
  411.07 4816.71  70.100 13.8 1990   5  1 1990   5  1    2.4  278.8 9999.0 9999.0 9999.0 9999.0   11.2  235.0
  411.07 4816.71  70.100 13.8 1990   5  2 1990   5  2    2.2  278.8 9999.0 9999.0 9999.0 9999.0   11.1  233.0
  411.07 4816.71  70.100 13.8 1990   5  3 1990   5  3    1.7  278.4 9999.0 9999.0 9999.0 9999.0    8.3  255.0
  411.07 4816.71  70.100 13.8 1990   5  4 1990   5  4    1.8  278.4 9999.0 9999.0 9999.0 9999.0    7.8  296.0
  411.07 4816.71  70.100 13.8 1990   5  5 1990   5  5    2.1  278.8 9999.0 9999.0 9999.0 9999.0    7.0  304.0
  411.07 4816.71  70.100 13.8 1990   5  6 1990   5  6    1.5  278.1 9999.0 9999.0 9999.0 9999.0    6.1  306.0
  411.07 4816.71  70.100 13.8 1990   5  7 1990   5  7    0.9  277.5 9999.0 9999.0 9999.0 9999.0    6.8  298.0
  411.07 4816.71  70.100 13.8 1990   5  8 1990   5  8    0.4  277.1 9999.0 9999.0 9999.0 9999.0    5.7  287.0
  411.07 4816.71  70.100 13.8 1990   5  9 1990   5  9    0.0  276.8 9999.0 9999.0 9999.0 9999.0    5.0  285.0
  411.07 4816.71  70.100 13.8 1990   5 10 1990   5 10    0.5  277.3 9999.0 9999.0 9999.0 9999.0    6.5  296.0
  411.07 4816.71  70.100 13.8 1990   5 11 1990   5 11   -0.1  276.6 9999.0 9999.0 9999.0 9999.0    6.1  335.0
  411.07 4816.71  70.100 13.8 1990   5 12 1990   5 12   -0.4  276.4 9999.0 9999.0 9999.0 9999.0    2.6   23.0
  411.07 4816.71  70.100 13.8 1990   5 13 1990   5 13    0.4  277.1 9999.0 9999.0 9999.0 9999.0    2.7   28.0
  411.07 4816.71  70.100 13.8 1990   5 14 1990   5 14    0.6  277.4 9999.0 9999.0 9999.0 9999.0    2.7   37.0
  411.07 4816.71  70.100 13.8 1990   5 15 1990   5 15    2.6  279.4 9999.0 9999.0 9999.0 9999.0    0.8  120.0
  411.07 4816.71  70.100 13.8 1990   5 16 1990   5 16    2.5  279.3 9999.0 9999.0 9999.0 9999.0    1.4  162.0
  411.07 4816.71  70.100 13.8 1990   5 17 1990   5 17   -0.4  276.4 9999.0 9999.0 9999.0 9999.0    0.7  125.0
  411.07 4816.71  70.100 13.8 1990   5 18 1990   5 18   -1.0  275.8 9999.0 9999.0 9999.0 9999.0    1.5    3.0
  411.07 4816.71  70.100 13.8 1990   5 19 1990   5 19   -1.5  275.3 9999.0 9999.0 9999.0 9999.0    4.1   18.0
  411.07 4816.71  70.100 13.8 1990   5 20 1990   5 20   -2.0  274.8 9999.0 9999.0 9999.0 9999.0    5.0   42.0
  411.07 4816.71  70.100 13.8 1990   5 21 1990   5 21   -2.4  274.4 9999.0 9999.0 9999.0 9999.0    2.9   54.0
  411.07 4816.71  70.100 13.8 1990   5 22 1990   5 22   -2.3  274.4 9999.0 9999.0 9999.0 9999.0    2.6   64.0
  411.07 4816.71  70.100 13.8 1990   5 23 1990   5 23   -1.9  274.4 9999.0 9999.0 9999.0 9999.0    3.0  121.0
  411.07 4816.71  70.100 13.8 1990   6  0 1990   6  0   -1.4  274.9 9999.0 9999.0 9999.0 9999.0    2.3  123.0
  411.07 4816.71  70.100 13.8 1990   6  1 1990   6  1   -1.4  274.9 9999.0 9999.0 9999.0 9999.0    1.4   78.0
  411.07 4816.71  70.100 13.8 1990   6  2 1990   6  2   -1.6  274.8 9999.0 9999.0 9999.0 9999.0    2.9   36.0
  411.07 4816.71  70.100 13.8 1990   6  3 1990   6  3   -3.1  273.6 9999.0 9999.0 9999.0 9999.0    4.4   36.0
  411.07 4816.71  70.100 13.8 1990   6  4 1990   6  4   -3.2  273.5 9999.0 9999.0 9999.0 9999.0    4.4   16.0
  411.07 4816.71  70.100 13.8 1990   6  5 1990   6  5   -4.3  272.4 9999.0 9999.0 9999.0 9999.0    4.4    2.0
  411.07 4816.71  70.100 13.8 1990   6  6 1990   6  6   -3.9  272.4 9999.0 9999.0 9999.0 9999.0    3.6  355.0
  411.07 4816.71  70.100 13.8 1990   6  7 1990   6  7   -3.6  272.4 9999.0 9999.0 9999.0 9999.0    3.8  348.0
  411.07 4816.71  70.100 13.8 1990   6  8 1990   6  8   -3.5  272.4 9999.0 9999.0 9999.0 9999.0    2.8  352.0
  411.07 4816.71  70.100 13.8 1990   6  9 1990   6  9   -3.2  272.4 9999.0 9999.0 9999.0 9999.0    2.2  319.0
  411.07 4816.71  70.100 13.8 1990   6 10 1990   6 10   -2.2  273.4 9999.0 9999.0 9999.0 9999.0    2.5  272.0
  411.07 4816.71  70.100 13.8 1990   6 11 1990   6 11   -2.7  272.9 9999.0 9999.0 9999.0 9999.0    1.3  293.0
  411.07 4816.71  70.100 13.8 1990   6 12 1990   6 12   -2.2  273.4 9999.0 9999.0 9999.0 9999.0    2.2  244.0
  411.07 4816.71  70.100 13.8 1990   6 13 1990   6 13   -1.5  274.0 9999.0 9999.0 9999.0 9999.0    3.4  230.0
  411.07 4816.71  70.100 13.8 1990   6 14 1990   6 14   -1.5  274.0 9999.0 9999.0 9999.0 9999.0    4.6  216.0
  411.07 4816.71  70.100 13.8 1990   6 15 1990   6 15   -1.1  274.4 9999.0 9999.0 9999.0 9999.0    6.3  214.0
  411.07 4816.71  70.100 13.8 1990   6 16 1990   6 16   -0.5  275.3 9999.0 9999.0 9999.0 9999.0    6.6  224.0
  411.07 4816.71  70.100 13.8 1990   6 17 1990   6 17   -0.4  275.4 9999.0 9999.0 9999.0 9999.0    5.5  250.0
  411.07 4816.71  70.100 13.8 1990   6 18 1990   6 18   -0.3  275.5 9999.0 9999.0 9999.0 9999.0    4.7  251.0
  411.07 4816.71  70.100 13.8 1990   6 19 1990   6 19   -0.3  275.5 9999.0 9999.0 9999.0 9999.0    8.6  265.0
  411.07 4816.71  70.100 13.8 1990   6 20 1990   6 20   -0.7  275.1 9999.0 9999.0 9999.0 9999.0    8.1  265.0
  411.07 4816.71  70.100 13.8 1990   6 21 1990   6 21   -1.5  274.4 9999.0 9999.0 9999.0 9999.0   10.9  279.0
  411.07 4816.71  70.100 13.8 1990   6 22 1990   6 22   -2.2  273.6 9999.0 9999.0 9999.0 9999.0    7.9  292.0
  411.07 4816.71  70.100 13.8 1990   6 23 1990   6 23   -2.5  273.1 9999.0 9999.0 9999.0 9999.0    8.1  313.0
  411.07 4816.71  70.100 13.8 1990   7  0 1990   7  0   -3.6  272.3 9999.0 9999.0 9999.0 9999.0    8.4  315.0
  411.07 4816.71  70.100 13.8 1990   7  1 1990   7  1   -4.5  271.4 9999.0 9999.0 9999.0 9999.0    8.5  325.0
  411.07 4816.71  70.100 13.8 1990   7  2 1990   7  2   -5.5  270.4 9999.0 9999.0 9999.0 9999.0    7.7  319.0
  411.07 4816.71  70.100 13.8 1990   7  3 1990   7  3   -6.5  269.4 9999.0 9999.0 9999.0 9999.0    6.5  308.0
  411.07 4816.71  70.100 13.8 1990   7  4 1990   7  4   -7.1  268.9 9999.0 9999.0 9999.0 9999.0    6.2  330.0
  411.07 4816.71  70.100 13.8 1990   7  5 1990   7  5   -8.2  268.0 9999.0 9999.0 9999.0 9999.0    5.1  303.0
  411.07 4816.71  70.100 13.8 1990   7  6 1990   7  6   -8.6  267.6 9999.0 9999.0 9999.0 9999.0    4.1  321.0
  411.07 4816.71  70.100 13.8 1990   7  7 1990   7  7   -9.0  267.4 9999.0 9999.0 9999.0 9999.0    2.5  290.0
  411.07 4816.71  70.100 13.8 1990   7  8 1990   7  8   -8.7  267.8 9999.0 9999.0 9999.0 9999.0    2.7  327.0
  411.07 4816.71  70.100 13.8 1990   7  9 1990   7  9   -8.6  267.6 9999.0 9999.0 9999.0 9999.0    0.6  344.0
  411.07 4816.71  70.100 13.8 1990   7 10 1990   7 10   -7.5  268.6 9999.0 9999.0 9999.0 9999.0    2.6  177.0
  411.07 4816.71  70.100 13.8 1990   7 11 1990   7 11   -6.8  269.4 9999.0 9999.0 9999.0 9999.0    4.7  219.0
  411.07 4816.71  70.100 13.8 1990   7 12 1990   7 12   -6.1  270.0 9999.0 9999.0 9999.0 9999.0    5.4  220.0
  411.07 4816.71  70.100 13.8 1990   7 13 1990   7 13   -5.4  270.9 9999.0 9999.0 9999.0 9999.0    4.9  217.0
  411.07 4816.71  70.100 13.8 1990   7 14 1990   7 14   -4.6  271.6 9999.0 9999.0 9999.0 9999.0    8.5  212.0
  411.07 4816.71  70.100 13.8 1990   7 15 1990   7 15   -3.6  272.8 9999.0 9999.0 9999.0 9999.0    8.2  215.0
  411.07 4816.71  70.100 13.8 1990   7 16 1990   7 16   -3.2  273.3 9999.0 9999.0 9999.0 9999.0    8.5  215.0
  411.07 4816.71  70.100 13.8 1990   7 17 1990   7 17   -2.6  274.1 9999.0 9999.0 9999.0 9999.0    8.9  227.0
  411.07 4816.71  70.100 13.8 1990   7 18 1990   7 18   -1.7  275.0 9999.0 9999.0 9999.0 9999.0    8.5  228.0
  411.07 4816.71  70.100 13.8 1990   7 19 1990   7 19   -1.2  275.5 9999.0 9999.0 9999.0 9999.0    8.7  230.0
  411.07 4816.71  70.100 13.8 1990   7 20 1990   7 20   -1.4  275.5 9999.0 9999.0 9999.0 9999.0   10.5  225.0
  411.07 4816.71  70.100 13.8 1990   7 21 1990   7 21   -1.4  275.6 9999.0 9999.0 9999.0 9999.0   10.5  220.0
  411.07 4816.71  70.100 13.8 1990   7 22 1990   7 22   -1.2  275.9 9999.0 9999.0 9999.0 9999.0    9.8  229.0
  411.07 4816.71  70.100 13.8 1990   7 23 1990   7 23   -1.4  275.5 9999.0 9999.0 9999.0 9999.0    9.4  240.0
  411.07 4816.71  70.100 13.8 1990   8  0 1990   8  0   -1.5  275.5 9999.0 9999.0 9999.0 9999.0    7.7  241.0
  411.07 4816.71  70.100 13.8 1990   8  1 1990   8  1   -1.7  275.4 9999.0 9999.0 9999.0 9999.0    7.9  257.0
  411.07 4816.71  70.100 13.8 1990   8  2 1990   8  2   -1.6  275.1 9999.0 9999.0 9999.0 9999.0    5.6  253.0
  411.07 4816.71  70.100 13.8 1990   8  3 1990   8  3   -1.1  275.4 9999.0 9999.0 9999.0 9999.0    6.6  243.0
  411.07 4816.71  70.100 13.8 1990   8  4 1990   8  4   -1.4  275.3 9999.0 9999.0 9999.0 9999.0    8.3  245.0
  411.07 4816.71  70.100 13.8 1990   8  5 1990   8  5   -1.9  274.9 9999.0 9999.0 9999.0 9999.0    7.7  252.0
  411.07 4816.71  70.100 13.8 1990   8  6 1990   8  6   -2.3  274.4 9999.0 9999.0 9999.0 9999.0    7.0  260.0
  411.07 4816.71  70.100 13.8 1990   8  7 1990   8  7   -2.4  274.4 9999.0 9999.0 9999.0 9999.0    7.3  255.0
  411.07 4816.71  70.100 13.8 1990   8  8 1990   8  8   -2.6  274.4 9999.0 9999.0 9999.0 9999.0    6.7  252.0
  411.07 4816.71  70.100 13.8 1990   8  9 1990   8  9   -2.7  274.4 9999.0 9999.0 9999.0 9999.0    4.6  257.0
  411.07 4816.71  70.100 13.8 1990   8 10 1990   8 10   -2.7  274.4 9999.0 9999.0 9999.0 9999.0    3.9  263.0
  411.07 4816.71  70.100 13.8 1990   8 11 1990   8 11   -2.3  274.8 9999.0 9999.0 9999.0 9999.0    2.3  257.0
  411.07 4816.71  70.100 13.8 1990   8 12 1990   8 12   -0.4  275.5 9999.0 9999.0 9999.0 9999.0    2.4  263.0
  411.07 4816.71  70.100 13.8 1990   8 13 1990   8 13    0.4  275.9 9999.0 9999.0 9999.0 9999.0    0.9  292.0
  411.07 4816.71  70.100 13.8 1990   8 14 1990   8 14    0.0  275.3 9999.0 9999.0 9999.0 9999.0    0.6   52.0
  411.07 4816.71  70.100 13.8 1990   8 15 1990   8 15    0.5  275.3 9999.0 9999.0 9999.0 9999.0    1.2  109.0
  411.07 4816.71  70.100 13.8 1990   8 16 1990   8 16   -0.2  275.3 9999.0 9999.0 9999.0 9999.0    1.0   73.0
  411.07 4816.71  70.100 13.8 1990   8 17 1990   8 17    0.0  275.3 9999.0 9999.0 9999.0 9999.0    2.2  130.0
  411.07 4816.71  70.100 13.8 1990   8 18 1990   8 18    1.1  276.0 9999.0 9999.0 9999.0 9999.0    3.8  102.0
  411.07 4816.71  70.100 13.8 1990   8 19 1990   8 19    1.3  276.8 9999.0 9999.0 9999.0 9999.0    3.4  124.0
  411.07 4816.71  70.100 13.8 1990   8 20 1990   8 20    1.1  276.8 9999.0 9999.0 9999.0 9999.0    4.0  102.0
  411.07 4816.71  70.100 13.8 1990   8 21 1990   8 21    1.2  277.0 9999.0 9999.0 9999.0 9999.0    6.2  109.0
  411.07 4816.71  70.100 13.8 1990   8 22 1990   8 22    1.1  277.0 9999.0 9999.0 9999.0 9999.0    5.9  112.0
  411.07 4816.71  70.100 13.8 1990   8 23 1990   8 23    1.2  277.1 9999.0 9999.0 9999.0 9999.0    6.8  101.0
  411.07 4816.71  70.100 13.8 1990   9  0 1990   9  0    1.1  277.0 9999.0 9999.0 9999.0 9999.0    5.7   94.0
  411.07 4816.71  70.100 13.8 1990   9  1 1990   9  1   -1.4  274.4 9999.0 9999.0 9999.0 9999.0    5.8  359.9
  411.07 4816.71  70.100 13.8 1990   9  2 1990   9  2   -1.7  273.9 9999.0 9999.0 9999.0 9999.0    6.9  350.0
  411.07 4816.71  70.100 13.8 1990   9  3 1990   9  3   -1.5  274.0 9999.0 9999.0 9999.0 9999.0    5.5  355.0
  411.07 4816.71  70.100 13.8 1990   9  4 1990   9  4   -1.9  273.6 9999.0 9999.0 9999.0 9999.0    4.8   11.0
  411.07 4816.71  70.100 13.8 1990   9  5 1990   9  5   -2.2  273.3 9999.0 9999.0 9999.0 9999.0    5.9    2.0
  411.07 4816.71  70.100 13.8 1990   9  6 1990   9  6   -2.1  273.1 9999.0 9999.0 9999.0 9999.0    4.4   27.0
  411.07 4816.71  70.100 13.8 1990   9  7 1990   9  7   -2.2  272.9 9999.0 9999.0 9999.0 9999.0    4.4  356.0
  411.07 4816.71  70.100 13.8 1990   9  8 1990   9  8   -2.0  273.1 9999.0 9999.0 9999.0 9999.0    2.5  347.0
  411.07 4816.71  70.100 13.8 1990   9  9 1990   9  9   -1.8  273.5 9999.0 9999.0 9999.0 9999.0    2.2   32.0
  411.07 4816.71  70.100 13.8 1990   9 10 1990   9 10   -0.1  275.4 9999.0 9999.0 9999.0 9999.0    0.0    0.0
  411.07 4816.71  70.100 13.8 1990   9 11 1990   9 11   -0.8  274.8 9999.0 9999.0 9999.0 9999.0    1.2  238.0
  411.07 4816.71  70.100 13.8 1990   9 12 1990   9 12    0.5  276.0 9999.0 9999.0 9999.0 9999.0    0.2  115.0
  411.07 4816.71  70.100 13.8 1990   9 13 1990   9 13    1.2  276.8 9999.0 9999.0 9999.0 9999.0    5.1  193.0
  411.07 4816.71  70.100 13.8 1990   9 14 1990   9 14    1.5  277.0 9999.0 9999.0 9999.0 9999.0    6.3  188.0
  411.07 4816.71  70.100 13.8 1990   9 15 1990   9 15    1.8  277.0 9999.0 9999.0 9999.0 9999.0    6.9  192.0
  411.07 4816.71  70.100 13.8 1990   9 16 1990   9 16    1.8  277.0 9999.0 9999.0 9999.0 9999.0    7.7  191.0
  411.07 4816.71  70.100 13.8 1990   9 17 1990   9 17    1.6  277.0 9999.0 9999.0 9999.0 9999.0    7.9  204.0
  411.07 4816.71  70.100 13.8 1990   9 18 1990   9 18    1.9  277.4 9999.0 9999.0 9999.0 9999.0    8.7  201.0
  411.07 4816.71  70.100 13.8 1990   9 19 1990   9 19    2.2  277.8 9999.0 9999.0 9999.0 9999.0    9.0  211.0
  411.07 4816.71  70.100 13.8 1990   9 20 1990   9 20    2.0  277.5 9999.0 9999.0 9999.0 9999.0    8.7  207.0
  411.07 4816.71  70.100 13.8 1990   9 21 1990   9 21    1.9  277.5 9999.0 9999.0 9999.0 9999.0    9.2  215.0
  411.07 4816.71  70.100 13.8 1990   9 22 1990   9 22    1.5  277.1 9999.0 9999.0 9999.0 9999.0    8.4  212.0
  411.07 4816.71  70.100 13.8 1990   9 23 1990   9 23    1.2  277.0 9999.0 9999.0 9999.0 9999.0    8.9  218.0
  411.07 4816.71  70.100 13.8 1990  10  0 1990  10  0    0.8  276.8 9999.0 9999.0 9999.0 9999.0    8.6  210.0
  411.07 4816.71  70.100 13.8 1990  10  1 1990  10  1    0.8  276.8 9999.0 9999.0 9999.0 9999.0    6.8  210.0
  411.07 4816.71  70.100 13.8 1990  10  2 1990  10  2    1.4  277.0 9999.0 9999.0 9999.0 9999.0    7.2  206.0
  411.07 4816.71  70.100 13.8 1990  10  3 1990  10  3    1.6  277.5 9999.0 9999.0 9999.0 9999.0    6.7  200.0
  411.07 4816.71  70.100 13.8 1990  10  4 1990  10  4    1.9  277.9 9999.0 9999.0 9999.0 9999.0    6.4  194.0
  411.07 4816.71  70.100 13.8 1990  10  5 1990  10  5    1.9  277.9 9999.0 9999.0 9999.0 9999.0    4.9  177.0
  411.07 4816.71  70.100 13.8 1990  10  6 1990  10  6    1.6  277.9 9999.0 9999.0 9999.0 9999.0    5.6  151.0
  411.07 4816.71  70.100 13.8 1990  10  7 1990  10  7    1.7  277.9 9999.0 9999.0 9999.0 9999.0    4.8  149.0
  411.07 4816.71  70.100 13.8 1990  10  8 1990  10  8    1.7  277.9 9999.0 9999.0 9999.0 9999.0    5.3  133.0
  411.07 4816.71  70.100 13.8 1990  10  9 1990  10  9    1.6  277.9 9999.0 9999.0 9999.0 9999.0    5.0  125.0
  411.07 4816.71  70.100 13.8 1990  10 10 1990  10 10    1.7  277.9 9999.0 9999.0 9999.0 9999.0    5.6  120.0
  411.07 4816.71  70.100 13.8 1990  10 11 1990  10 11    1.8  278.0 9999.0 9999.0 9999.0 9999.0    3.2  125.0
  411.07 4816.71  70.100 13.8 1990  10 12 1990  10 12    2.3  278.3 9999.0 9999.0 9999.0 9999.0    0.9  112.0
  411.07 4816.71  70.100 13.8 1990  10 13 1990  10 13   -0.9  275.1 9999.0 9999.0 9999.0 9999.0    6.5  328.0
  411.07 4816.71  70.100 13.8 1990  10 14 1990  10 14   -1.6  274.9 9999.0 9999.0 9999.0 9999.0    6.8  324.0
  411.07 4816.71  70.100 13.8 1990  10 15 1990  10 15   -1.8  274.9 9999.0 9999.0 9999.0 9999.0    6.4  332.0
  411.07 4816.71  70.100 13.8 1990  10 16 1990  10 16   -1.8  274.9 9999.0 9999.0 9999.0 9999.0    6.0  335.0
  411.07 4816.71  70.100 13.8 1990  10 17 1990  10 17   -1.5  275.1 9999.0 9999.0 9999.0 9999.0    4.4  324.0
  411.07 4816.71  70.100 13.8 1990  10 18 1990  10 18   -1.1  275.5 9999.0 9999.0 9999.0 9999.0    4.2  278.0
  411.07 4816.71  70.100 13.8 1990  10 19 1990  10 19   -1.1  275.5 9999.0 9999.0 9999.0 9999.0    6.0  298.0
  411.07 4816.71  70.100 13.8 1990  10 20 1990  10 20   -0.8  275.9 9999.0 9999.0 9999.0 9999.0    6.3  296.0
  411.07 4816.71  70.100 13.8 1990  10 21 1990  10 21   -0.7  275.9 9999.0 9999.0 9999.0 9999.0    4.7  299.0
  411.07 4816.71  70.100 13.8 1990  10 22 1990  10 22   -0.7  275.9 9999.0 9999.0 9999.0 9999.0    4.2  288.0
  411.07 4816.71  70.100 13.8 1990  10 23 1990  10 23    0.6  275.9 9999.0 9999.0 9999.0 9999.0    5.7  305.0
  411.07 4816.71  70.100 13.8 1990  11  0 1990  11  0    0.3  275.5 9999.0 9999.0 9999.0 9999.0    4.0  305.0
  411.07 4816.71  70.100 13.8 1990  11  1 1990  11  1    0.0  275.3 9999.0 9999.0 9999.0 9999.0    4.6  277.0
  411.07 4816.71  70.100 13.8 1990  11  2 1990  11  2   -0.3  274.9 9999.0 9999.0 9999.0 9999.0    4.8  285.0
  411.07 4816.71  70.100 13.8 1990  11  3 1990  11  3   -0.1  275.1 9999.0 9999.0 9999.0 9999.0    6.5  314.0
  411.07 4816.71  70.100 13.8 1990  11  4 1990  11  4   -0.4  274.9 9999.0 9999.0 9999.0 9999.0    8.1  323.0
  411.07 4816.71  70.100 13.8 1990  11  5 1990  11  5   -0.8  274.4 9999.0 9999.0 9999.0 9999.0    5.1  325.0
  411.07 4816.71  70.100 13.8 1990  11  6 1990  11  6   -1.3  273.9 9999.0 9999.0 9999.0 9999.0    3.4  312.0
  411.07 4816.71  70.100 13.8 1990  11  7 1990  11  7   -1.3  273.9 9999.0 9999.0 9999.0 9999.0    4.4  291.0
  411.07 4816.71  70.100 13.8 1990  11  8 1990  11  8   -1.3  273.9 9999.0 9999.0 9999.0 9999.0    4.5  273.0
  411.07 4816.71  70.100 13.8 1990  11  9 1990  11  9   -1.0  274.3 9999.0 9999.0 9999.0 9999.0    2.7  270.0
  411.07 4816.71  70.100 13.8 1990  11 10 1990  11 10    1.1  276.3 9999.0 9999.0 9999.0 9999.0    0.8  320.0
  411.07 4816.71  70.100 13.8 1990  11 11 1990  11 11    0.0  275.3 9999.0 9999.0 9999.0 9999.0    1.5  173.0
  411.07 4816.71  70.100 13.8 1990  11 12 1990  11 12   -0.1  275.0 9999.0 9999.0 9999.0 9999.0    2.1  180.0
  411.07 4816.71  70.100 13.8 1990  11 13 1990  11 13    0.3  275.4 9999.0 9999.0 9999.0 9999.0    0.3  151.0
  411.07 4816.71  70.100 13.8 1990  11 14 1990  11 14    0.9  276.0 9999.0 9999.0 9999.0 9999.0    6.8  207.0
  411.07 4816.71  70.100 13.8 1990  11 15 1990  11 15    0.8  275.9 9999.0 9999.0 9999.0 9999.0    5.7  207.0
  411.07 4816.71  70.100 13.8 1990  11 16 1990  11 16    1.1  276.3 9999.0 9999.0 9999.0 9999.0    7.6  187.0
  411.07 4816.71  70.100 13.8 1990  11 17 1990  11 17    0.4  275.6 9999.0 9999.0 9999.0 9999.0    9.6  203.0
  411.07 4816.71  70.100 13.8 1990  11 18 1990  11 18    0.1  275.4 9999.0 9999.0 9999.0 9999.0    9.2  195.0
  411.07 4816.71  70.100 13.8 1990  11 19 1990  11 19    0.8  276.3 9999.0 9999.0 9999.0 9999.0    9.1  191.0
  411.07 4816.71  70.100 13.8 1990  11 20 1990  11 20    1.5  277.0 9999.0 9999.0 9999.0 9999.0   11.7  208.0
  411.07 4816.71  70.100 13.8 1990  11 21 1990  11 21    1.3  277.0 9999.0 9999.0 9999.0 9999.0    9.3  205.0
  411.07 4816.71  70.100 13.8 1990  11 22 1990  11 22    0.8  276.8 9999.0 9999.0 9999.0 9999.0    9.2  213.0
  411.07 4816.71  70.100 13.8 1990  11 23 1990  11 23    1.2  277.1 9999.0 9999.0 9999.0 9999.0   10.1  220.0
  411.07 4816.71  70.100 13.8 1990  12  0 1990  12  0    0.7  276.8 9999.0 9999.0 9999.0 9999.0    7.6  225.0
  411.07 4816.71  70.100 13.8 1990  12  1 1990  12  1    0.1  276.4 9999.0 9999.0 9999.0 9999.0    7.4  239.0
  411.07 4816.71  70.100 13.8 1990  12  2 1990  12  2   -0.4  275.9 9999.0 9999.0 9999.0 9999.0    6.1  237.0
  411.07 4816.71  70.100 13.8 1990  12  3 1990  12  3   -0.8  275.5 9999.0 9999.0 9999.0 9999.0    5.8  246.0
  411.07 4816.71  70.100 13.8 1990  12  4 1990  12  4   -0.8  275.4 9999.0 9999.0 9999.0 9999.0    6.3  238.0
  411.07 4816.71  70.100 13.8 1990  12  5 1990  12  5   -1.2  275.1 9999.0 9999.0 9999.0 9999.0    6.4  244.0
  411.07 4816.71  70.100 13.8 1990  12  6 1990  12  6   -1.6  274.9 9999.0 9999.0 9999.0 9999.0    7.8  239.0
  411.07 4816.71  70.100 13.8 1990  12  7 1990  12  7   -1.5  275.1 9999.0 9999.0 9999.0 9999.0    8.0  246.0
  411.07 4816.71  70.100 13.8 1990  12  8 1990  12  8   -1.5  274.9 9999.0 9999.0 9999.0 9999.0    7.7  251.0
  411.07 4816.71  70.100 13.8 1990  12  9 1990  12  9   -1.9  274.8 9999.0 9999.0 9999.0 9999.0    6.9  250.0
  411.07 4816.71  70.100 13.8 1990  12 10 1990  12 10   -2.0  274.4 9999.0 9999.0 9999.0 9999.0    6.2  257.0
  411.07 4816.71  70.100 13.8 1990  12 11 1990  12 11   -1.6  274.8 9999.0 9999.0 9999.0 9999.0    7.0  237.0
  411.07 4816.71  70.100 13.8 1990  12 12 1990  12 12   -0.8  275.6 9999.0 9999.0 9999.0 9999.0    5.8  237.0
  411.07 4816.71  70.100 13.8 1990  12 13 1990  12 13   -0.5  276.1 9999.0 9999.0 9999.0 9999.0    5.8  220.0
  411.07 4816.71  70.100 13.8 1990  12 14 1990  12 14    0.1  276.6 9999.0 9999.0 9999.0 9999.0    8.1  261.0
  411.07 4816.71  70.100 13.8 1990  12 15 1990  12 15    0.2  276.6 9999.0 9999.0 9999.0 9999.0    7.2  243.0
  411.07 4816.71  70.100 13.8 1990  12 16 1990  12 16   -0.4  275.9 9999.0 9999.0 9999.0 9999.0    7.4  264.0
  411.07 4816.71  70.100 13.8 1990  12 17 1990  12 17   -0.4  275.5 9999.0 9999.0 9999.0 9999.0    8.5  270.0
  411.07 4816.71  70.100 13.8 1990  12 18 1990  12 18   -0.4  275.1 9999.0 9999.0 9999.0 9999.0    7.3  260.0
  411.07 4816.71  70.100 13.8 1990  12 19 1990  12 19   -1.0  274.5 9999.0 9999.0 9999.0 9999.0    7.7  260.0
  411.07 4816.71  70.100 13.8 1990  12 20 1990  12 20   -0.8  274.0 9999.0 9999.0 9999.0 9999.0    9.8  261.0
  411.07 4816.71  70.100 13.8 1990  12 21 1990  12 21   -2.1  273.6 9999.0 9999.0 9999.0 9999.0    8.0  259.0
  411.07 4816.71  70.100 13.8 1990  12 22 1990  12 22   -2.5  273.3 9999.0 9999.0 9999.0 9999.0    9.0  259.0
  411.07 4816.71  70.100 13.8 1990  12 23 1990  12 23   -2.8  272.9 9999.0 9999.0 9999.0 9999.0    8.7  259.0
  411.07 4816.71  70.100 13.8 1990  13  0 1990  13  0   -3.4  272.5 9999.0 9999.0 9999.0 9999.0    8.2  267.0
  411.07 4816.71  70.100 13.8 1990  13  1 1990  13  1   -3.8  272.4 9999.0 9999.0 9999.0 9999.0    7.5  285.0
  411.07 4816.71  70.100 13.8 1990  13  2 1990  13  2   -3.4  272.3 9999.0 9999.0 9999.0 9999.0    8.5  280.0
  411.07 4816.71  70.100 13.8 1990  13  3 1990  13  3   -3.5  272.0 9999.0 9999.0 9999.0 9999.0    8.5  271.0
  411.07 4816.71  70.100 13.8 1990  13  4 1990  13  4   -3.0  272.0 9999.0 9999.0 9999.0 9999.0    8.7  284.0
  411.07 4816.71  70.100 13.8 1990  13  5 1990  13  5   -3.4  271.8 9999.0 9999.0 9999.0 9999.0    9.5  285.0
  411.07 4816.71  70.100 13.8 1990  13  6 1990  13  6   -3.6  271.6 9999.0 9999.0 9999.0 9999.0    9.4  288.0
  411.07 4816.71  70.100 13.8 1990  13  7 1990  13  7   -4.1  271.0 9999.0 9999.0 9999.0 9999.0    7.6  293.0
  411.07 4816.71  70.100 13.8 1990  13  8 1990  13  8   -4.3  270.9 9999.0 9999.0 9999.0 9999.0    7.3  312.0
  411.07 4816.71  70.100 13.8 1990  13  9 1990  13  9   -4.3  270.9 9999.0 9999.0 9999.0 9999.0    8.8  316.0
  411.07 4816.71  70.100 13.8 1990  13 10 1990  13 10   -4.4  270.9 9999.0 9999.0 9999.0 9999.0    7.2  323.0
  411.07 4816.71  70.100 13.8 1990  13 11 1990  13 11   -3.9  271.4 9999.0 9999.0 9999.0 9999.0    5.3  310.0
  411.07 4816.71  70.100 13.8 1990  13 12 1990  13 12   -4.2  271.3 9999.0 9999.0 9999.0 9999.0    7.2  333.0
  411.07 4816.71  70.100 13.8 1990  13 13 1990  13 13   -4.4  271.1 9999.0 9999.0 9999.0 9999.0    6.5  345.0
  411.07 4816.71  70.100 13.8 1990  13 14 1990  13 14   -3.8  271.8 9999.0 9999.0 9999.0 9999.0    3.9  299.0
  411.07 4816.71  70.100 13.8 1990  13 15 1990  13 15   -3.9  271.6 9999.0 9999.0 9999.0 9999.0    4.8  310.0
  411.07 4816.71  70.100 13.8 1990  13 16 1990  13 16   -4.3  271.3 9999.0 9999.0 9999.0 9999.0    8.8  273.0
  411.07 4816.71  70.100 13.8 1990  13 17 1990  13 17   -5.9  269.6 9999.0 9999.0 9999.0 9999.0    9.5  273.0
  411.07 4816.71  70.100 13.8 1990  13 18 1990  13 18   -6.8  268.9 9999.0 9999.0 9999.0 9999.0    9.4  278.0
  411.07 4816.71  70.100 13.8 1990  13 19 1990  13 19   -7.3  268.3 9999.0 9999.0 9999.0 9999.0   11.5  286.0
  411.07 4816.71  70.100 13.8 1990  13 20 1990  13 20   -7.8  267.8 9999.0 9999.0 9999.0 9999.0   11.5  283.0
  411.07 4816.71  70.100 13.8 1990  13 21 1990  13 21   -8.6  266.9 9999.0 9999.0 9999.0 9999.0   10.7  292.0
  411.07 4816.71  70.100 13.8 1990  13 22 1990  13 22   -9.3  266.3 9999.0 9999.0 9999.0 9999.0   10.1  302.0
  411.07 4816.71  70.100 13.8 1990  13 23 1990  13 23  -10.3  265.3 9999.0 9999.0 9999.0 9999.0   10.6  297.0
  411.07 4816.71  70.100 13.8 1990  14  0 1990  14  0  -11.3  264.3 9999.0 9999.0 9999.0 9999.0   10.6  288.0
  411.07 4816.71  70.100 13.8 1990  14  1 1990  14  1  -12.1  263.4 9999.0 9999.0 9999.0 9999.0    9.6  297.0
  411.07 4816.71  70.100 13.8 1990  14  2 1990  14  2  -12.6  263.0 9999.0 9999.0 9999.0 9999.0    8.6  281.0
  411.07 4816.71  70.100 13.8 1990  14  3 1990  14  3  -12.8  263.0 9999.0 9999.0 9999.0 9999.0    8.3  285.0
  411.07 4816.71  70.100 13.8 1990  14  4 1990  14  4  -12.9  263.0 9999.0 9999.0 9999.0 9999.0    8.6  272.0
  411.07 4816.71  70.100 13.8 1990  14  5 1990  14  5  -12.9  263.0 9999.0 9999.0 9999.0 9999.0   11.2  278.0
  411.07 4816.71  70.100 13.8 1990  14  6 1990  14  6  -13.5  262.4 9999.0 9999.0 9999.0 9999.0   14.4  292.0
  411.07 4816.71  70.100 13.8 1990  14  7 1990  14  7  -14.9  261.1 9999.0 9999.0 9999.0 9999.0   11.3  298.0
  411.07 4816.71  70.100 13.8 1990  14  8 1990  14  8  -15.3  260.9 9999.0 9999.0 9999.0 9999.0   10.1  292.0
  411.07 4816.71  70.100 13.8 1990  14  9 1990  14  9  -14.8  261.4 9999.0 9999.0 9999.0 9999.0    8.2  302.0
  411.07 4816.71  70.100 13.8 1990  14 10 1990  14 10  -14.2  261.9 9999.0 9999.0 9999.0 9999.0    7.8  299.0
  411.07 4816.71  70.100 13.8 1990  14 11 1990  14 11  -13.5  262.5 9999.0 9999.0 9999.0 9999.0    5.6  293.0
  411.07 4816.71  70.100 13.8 1990  14 12 1990  14 12  -12.4  263.9 9999.0 9999.0 9999.0 9999.0    5.1  298.0
  411.07 4816.71  70.100 13.8 1990  14 13 1990  14 13  -11.4  264.6 9999.0 9999.0 9999.0 9999.0    3.9  245.0
  411.07 4816.71  70.100 13.8 1990  14 14 1990  14 14  -10.8  265.3 9999.0 9999.0 9999.0 9999.0    4.1  253.0
  411.07 4816.71  70.100 13.8 1990  14 15 1990  14 15  -10.4  265.9 9999.0 9999.0 9999.0 9999.0    5.7  271.0
  411.07 4816.71  70.100 13.8 1990  14 16 1990  14 16  -10.2  266.1 9999.0 9999.0 9999.0 9999.0    5.3  272.0
  411.07 4816.71  70.100 13.8 1990  14 17 1990  14 17  -10.2  266.1 9999.0 9999.0 9999.0 9999.0    5.4  283.0
  411.07 4816.71  70.100 13.8 1990  14 18 1990  14 18  -10.5  265.9 9999.0 9999.0 9999.0 9999.0    5.6  284.0
  411.07 4816.71  70.100 13.8 1990  14 19 1990  14 19  -10.9  265.4 9999.0 9999.0 9999.0 9999.0    6.3  296.0
  411.07 4816.71  70.100 13.8 1990  14 20 1990  14 20  -10.9  265.4 9999.0 9999.0 9999.0 9999.0    2.9  321.0
  411.07 4816.71  70.100 13.8 1990  14 21 1990  14 21  -10.8  265.4 9999.0 9999.0 9999.0 9999.0    1.8   14.0
  411.07 4816.71  70.100 13.8 1990  14 22 1990  14 22  -10.9  265.4 9999.0 9999.0 9999.0 9999.0    3.5  344.0
  411.07 4816.71  70.100 13.8 1990  14 23 1990  14 23  -10.4  265.9 9999.0 9999.0 9999.0 9999.0    2.2   25.0
  411.07 4816.71  70.100 13.8 1990  15  0 1990  15  0  -10.6  265.8 9999.0 9999.0 9999.0 9999.0    2.5   45.0
