PRECIP.DAT      2.1             Hour Start and End Times with Seconds                           
   1
Produced by PMERGE Version: 5.631  Level: 080407                                
NONE    
UTC-0500
  1990   1   0     0  1990  15   0     0   16
  170273
  176905
  177325
  178641
  270741
  270998
  272842
  273182
  274732
  274808
  275639
  275780
  276234
  276818
  278885
  437054
1990   1   0    0 1990   1   1    0     0.000    0.000    0.000    0.000    0.000    0.000 9999.000    0.000    0.000    0.000
                                       0.254    0.000    0.000    0.000    0.000    0.000
1990   1   1    0 1990   1   2    0     0.000    0.000    0.000    0.000    0.000    0.000 9999.000    0.000    0.000    0.000
                                       0.762    0.000    0.000    2.540    0.000    0.000
1990   1   2    0 1990   1   3    0     0.000    0.000    0.000    0.000    0.000    0.000 9999.000    0.000    0.000    0.000
                                       0.762    0.000    0.000    0.000    0.000    0.000
1990   1   3    0 1990   1   4    0     0.000    0.000    0.000    0.000    0.000    0.000 9999.000    0.000    0.000    2.540
                                       1.016    0.000    0.000    0.000    0.000    0.000
1990   1   4    0 1990   1   5    0     0.000    0.000    0.000    0.000    0.000    0.000 9999.000    0.000    0.000    0.000
                                       0.762    2.540    2.540    2.540    0.000    0.000
1990   1   5    0 1990   1   6    0     0.000    0.254    0.000    0.000    0.000    2.540 9999.000    0.000    2.540    0.000
                                       1.016    0.000    0.000    0.000    0.000    0.000
1990   1   6    0 1990   1   7    0     0.000    1.016    0.000    0.000    0.000    0.000 9999.000    0.000    0.000    0.000
                                       1.524    0.000    0.000    0.000    0.000    0.000
1990   1   7    0 1990   1   8    0     2.540    0.000    0.000    0.000    2.540    0.000    0.000    2.540    0.000    0.000
                                       2.032    0.000    0.000    0.000    0.000    0.000
1990   1   8    0 1990   1   9    0     0.000    0.000    2.540    0.000    0.000    0.000    0.000    0.000    0.000    0.000
                                       2.540    0.000    0.000    0.000    0.000    0.000
1990   1   9    0 1990   1  10    0     0.000    0.000    0.000    0.000    0.000    0.000    0.000    0.000    0.000    0.000
                                       2.794    0.000    0.000    0.000    0.000    0.000
1990   1  10    0 1990   1  11    0     0.000    0.000    0.000    2.540    0.000    0.000    0.000    0.000    0.000    0.000
                                       2.540    0.000    0.000    0.000    0.000    0.000
1990   1  11    0 1990   1  12    0     0.000    0.000    0.000    0.000    0.000    0.000    0.000    0.000    0.000    0.000
                                       2.286    0.000    0.000    0.000    0.000    0.000
1990   1  12    0 1990   1  13    0     0.000    0.000    0.000    0.000    0.000    0.000    0.000    0.000    0.000    0.000
                                       2.032    0.000    0.000    0.000    0.000    0.000
1990   1  13    0 1990   1  14    0     0.000    0.000    0.000    0.000    0.000    0.000    0.000    0.000    0.000    0.000
                                       1.524    0.000    0.000    2.540    0.000    0.000
1990   1  14    0 1990   1  15    0     0.000    0.000    0.000    0.000    0.000    0.000    0.000    0.000    0.000    0.000
                                       0.762    0.000    0.000    0.000    0.000    0.000
1990   1  15    0 1990   1  16    0     0.000    0.000    0.000    0.000    0.000    0.000    0.000    0.000    0.000    0.000
                                       0.000    0.000    0.000    0.000    0.000    0.000
1990   1  16    0 1990   1  17    0     0.000    0.000    0.000    0.000    0.000    0.000    0.000    0.000    0.000    0.000
                                       0.000    0.000    0.000    0.000    0.000    0.000
1990   1  17    0 1990   1  18    0     0.000    0.000    0.000    0.000    0.000    0.000    0.000    0.000    0.000    0.000
                                       0.000    0.000    0.000    0.000    0.000    0.000
1990   1  18    0 1990   1  19    0     0.000    0.000    0.000    0.000    0.000    0.000    0.000    0.000    0.000    0.000
                                       0.000    0.000    0.000    0.000    0.000    0.000
1990   1  19    0 1990   1  20    0     0.000    0.000    0.000    0.000    0.000    0.000    0.000    0.000    0.000    0.000
                                       0.000    0.000    0.000    2.540    0.000    0.000
1990   1  20    0 1990   1  21    0     0.000    0.000    0.000    0.000    0.000    0.000    0.000    0.000    0.000    0.000
                                       0.000    0.000    0.000    0.000    0.000    0.000
1990   1  21    0 1990   1  22    0     0.000    0.000    0.000    0.000    0.000    0.000    0.000    0.000    0.000    0.000
                                       0.000    0.000    0.000    0.000    0.000    0.000
1990   1  22    0 1990   1  23    0     0.000    0.000    0.000    0.000    0.000    0.000    0.000    0.000    0.000    0.000
                                       0.000    0.000    0.000    0.000    0.000    0.000
1990   1  23    0 1990   1  24    0     0.000    0.000    0.000    0.000    0.000    0.000    0.000    0.000    0.000    0.000
                                       0.000    0.000    0.000    0.000    0.000    0.000
1990   2   0    0 1990   2   1    0     0.000    0.000    0.000    0.000    0.000    0.000    0.000    0.000    0.000    0.000
                                       0.000    0.000    0.000    0.000    0.000    0.000
1990   2   1    0 1990   2   2    0     0.000    0.000    0.000    0.000    0.000    0.000    0.000    0.000    0.000    0.000
                                       0.000    0.000    0.000    0.000    0.000    0.000
1990   2   2    0 1990   2   3    0     0.000    0.000    0.000    0.000    0.000    0.000    0.000    0.000    0.000    0.000
                                       0.000    0.000    0.000    0.000    0.000    0.000
1990   2   3    0 1990   2   4    0     0.000    0.000    0.000    0.000    0.000    0.000    0.000    0.000    0.000    0.000
                                       0.000    0.000    0.000    0.000    0.000    0.000
1990   2   4    0 1990   2   5    0     0.000    0.000    0.000    0.000    0.000    0.000    0.000    0.000    0.000    0.000
                                       0.000    0.000    0.000    0.000    0.000    0.000
1990   2   5    0 1990   2   6    0     0.000    0.000    0.000    0.000    0.000    0.000    0.000    0.000    0.000    0.000
                                       0.000    0.000    0.000    0.000    0.000    0.000
1990   2   6    0 1990   2   7    0     0.000    0.000    0.000    0.000    0.000    0.000    0.000    0.000    0.000    0.000
                                       0.000    0.000    0.000    0.000    0.000    0.000
1990   2   7    0 1990   2   8    0     0.000    0.000    0.000    0.000    0.000    0.000    0.000    0.000    0.000    0.000
                                       0.000    0.000    0.000    0.000    0.000    0.000
1990   2   8    0 1990   2   9    0     0.000    0.000    0.000    0.000    0.000    0.000    0.000    0.000    0.000    0.000
                                       0.000    0.000    0.000    0.000    0.000    0.000
1990   2   9    0 1990   2  10    0     0.000    0.000    0.000    0.000    0.000    0.000    0.000    0.000    0.000    0.000
                                       0.000    0.000    0.000    0.000    0.000    0.000
1990   2  10    0 1990   2  11    0     0.000    0.000    0.000    0.000    0.000    0.000    0.000    0.000    0.000    0.000
                                       0.000    0.000    0.000    0.000    0.000    0.000
1990   2  11    0 1990   2  12    0     0.000    0.000    0.000    0.000    0.000    0.000    0.000    0.000    0.000    0.000
                                       0.000    0.000    0.000    0.000    0.000    2.540
1990   2  12    0 1990   2  13    0     0.000    0.000    0.000    0.000    0.000    0.000    0.000    0.000    0.000    0.000
                                       0.000    0.000    0.000    0.000    0.000    0.000
1990   2  13    0 1990   2  14    0     0.000    0.000    0.000    0.000    0.000    0.000    0.000    0.000    0.000    0.000
                                       0.000    0.000    0.000    0.000    0.000    0.000
1990   2  14    0 1990   2  15    0     0.000    0.000    0.000    0.000    0.000    0.000    0.000    0.000    0.000    0.000
                                       0.000    0.000    0.000    0.000    0.000    0.000
1990   2  15    0 1990   2  16    0     0.000    0.000    0.000    0.000    0.000    0.000    0.000    0.000    0.000    0.000
                                       0.000    0.000    0.000    0.000    0.000    0.000
1990   2  16    0 1990   2  17    0     0.000    0.000    0.000    0.000    0.000    0.000    0.000    0.000    0.000    0.000
                                       0.000    0.000    0.000    0.000    0.000    0.000
1990   2  17    0 1990   2  18    0     0.000    0.000    0.000    0.000    0.000    0.000    0.000    0.000    0.000    0.000
                                       0.000    0.000    0.000    0.000    0.000    0.000
1990   2  18    0 1990   2  19    0     0.000    0.000    0.000    0.000    0.000    0.000    0.000    0.000    0.000    0.000
                                       0.000    0.000    0.000    0.000    0.000    0.000
1990   2  19    0 1990   2  20    0     0.000    0.000    0.000    0.000    0.000    0.000    0.000    0.000    0.000    0.000
                                       0.000    0.000    0.000    0.000    0.000    0.000
1990   2  20    0 1990   2  21    0     0.000    0.000    0.000    0.000    0.000    0.000    0.000    0.000    0.000    0.000
                                       0.000    0.000    0.000    0.000    0.000    0.000
1990   2  21    0 1990   2  22    0     0.000    0.000    0.000    0.000    0.000    0.000    0.000    0.000    0.000    0.000
                                       0.000    0.000    0.000    0.000    0.000    0.000
1990   2  22    0 1990   2  23    0     0.000    0.000    0.000    0.000    0.000    0.000    0.000    0.000    0.000    0.000
                                       0.000    0.000    0.000    0.000    0.000    0.000
1990   2  23    0 1990   2  24    0     0.000    0.000    0.000    0.000    0.000    0.000    0.000    0.000    0.000    0.000
                                       0.000    0.000    0.000    0.000    0.000    0.000
1990   3   0    0 1990   3   1    0     0.000    0.000    0.000    0.000    0.000    0.000    0.000    0.000    0.000    0.000
                                       0.000    0.000    0.000    0.000    0.000    0.000
1990   3   1    0 1990   3   2    0     0.000    0.000    0.000    0.000    0.000    0.000    0.000    0.000    0.000    0.000
                                       0.000    0.000    0.000    0.000    0.000    0.000
1990   3   2    0 1990   3   3    0     0.000    0.000    0.000    0.000    0.000    0.000    0.000    0.000    0.000    0.000
                                       0.000    0.000    0.000    0.000    0.000    0.000
1990   3   3    0 1990   3   4    0     0.000    0.000    0.000    0.000    0.000    0.000    0.000    0.000    0.000    0.000
                                       0.000    0.000    0.000    0.000    0.000    0.000
1990   3   4    0 1990   3   5    0     0.000    0.000    0.000    0.000    0.000    0.000    0.000    0.000    0.000    0.000
                                       0.000    0.000    0.000    0.000    0.000    0.000
1990   3   5    0 1990   3   6    0     0.000    0.000    0.000    0.000    0.000    0.000    0.000    0.000    0.000    0.000
                                       0.000    0.000    0.000    0.000    0.000    0.000
1990   3   6    0 1990   3   7    0     0.000    0.000    0.000    0.000    0.000    0.000    0.000    0.000    0.000    0.000
                                       0.000    0.000    0.000    0.000    0.000    0.000
1990   3   7    0 1990   3   8    0     0.000    0.000    0.000    0.000    0.000    0.000    0.000    0.000    0.000    0.000
                                       0.000    0.000    0.000    0.000    0.000    0.000
1990   3   8    0 1990   3   9    0     0.000    0.000    0.000    0.000    0.000    0.000    0.000    0.000    0.000    0.000
                                       0.000    0.000    0.000    0.000    0.000    0.000
1990   3   9    0 1990   3  10    0     0.000    0.000    0.000    0.000    0.000    0.000    0.000    0.000    0.000    0.000
                                       0.000    0.000    0.000    0.000    0.000    0.000
1990   3  10    0 1990   3  11    0     0.000    0.000    0.000    0.000    0.000    0.000    0.000    0.000    0.000    0.000
                                       0.000    0.000    0.000    0.000    0.000    0.000
1990   3  11    0 1990   3  12    0     0.000    0.000    0.000    0.000    0.000    0.000    0.000    0.000    0.000    0.000
                                       0.000    0.000    0.000    0.000    0.000    0.000
1990   3  12    0 1990   3  13    0     0.000    0.000    0.000    0.000    0.000    0.000    0.000    0.000    0.000    0.000
                                       0.000    0.000    0.000    0.000    0.000    0.000
1990   3  13    0 1990   3  14    0     0.000    0.000    0.000    0.000    0.000    0.000    0.000    0.000    0.000    0.000
                                       0.000    0.000    0.000    0.000    0.000    0.000
1990   3  14    0 1990   3  15    0     0.000    0.000    0.000    0.000    0.000    0.000    0.000    0.000    0.000    0.000
                                       0.000    0.000    0.000    0.000    0.000    0.000
1990   3  15    0 1990   3  16    0     0.000    0.000    0.000    0.000    0.000    0.000    0.000    0.000    0.000    0.000
                                       0.000    0.000    0.000    0.000    0.000    0.000
1990   3  16    0 1990   3  17    0     0.000    0.000    0.000    0.000    0.000    0.000    0.000    0.000    0.000    0.000
                                       0.000    0.000    0.000    0.000    0.000    0.000
1990   3  17    0 1990   3  18    0     0.000    0.000    0.000    0.000    0.000    0.000    0.000    0.000    0.000    0.000
                                       0.000    0.000    0.000    0.000    0.000    0.000
1990   3  18    0 1990   3  19    0     0.000    0.000    0.000    0.000    0.000    0.000    0.000    0.000    0.000    0.000
                                       0.000    0.000    0.000    0.000    0.000    0.000
1990   3  19    0 1990   3  20    0     0.000    0.000    0.000    0.000    0.000    0.000    0.000    0.000    0.000    0.000
                                       0.000    0.000    0.000    0.000    0.000    0.000
1990   3  20    0 1990   3  21    0     0.000    0.000    0.000    0.000    0.000    0.000    0.000    0.000    0.000    0.000
                                       0.000    0.000    0.000    0.000    0.000    0.000
1990   3  21    0 1990   3  22    0     0.000    0.000    0.000    0.000    0.000    0.000    0.000    0.000    0.000    0.000
                                       0.000    0.000    0.000    0.000    0.000    0.000
1990   3  22    0 1990   3  23    0     0.000    0.000    0.000    0.000    0.000    0.000    0.000    0.000    0.000    0.000
                                       0.000    0.000    0.000    0.000    0.000    0.000
1990   3  23    0 1990   3  24    0     0.000    0.000    0.000    0.000    0.000    0.000    0.000    0.000    0.000    0.000
                                       0.000    0.000    0.000    0.000    0.000    0.000
1990   4   0    0 1990   4   1    0     0.000    0.000    0.000    0.000    0.000    0.000    0.000    0.000    0.000    0.000
                                       0.000    0.000    0.000    0.000    0.000    0.000
1990   4   1    0 1990   4   2    0     0.000    0.000    0.000    0.000    0.000    0.000    0.000    0.000    0.000    0.000
                                       0.000    0.000    0.000    0.000    0.000    0.000
1990   4   2    0 1990   4   3    0     0.000    0.000    0.000    0.000    0.000    0.000    0.000    0.000    0.000    0.000
                                       0.000    0.000    0.000    0.000    0.000    0.000
1990   4   3    0 1990   4   4    0     0.000    0.000    0.000    0.000    0.000    0.000    0.000    0.000    0.000    0.000
                                       0.762    0.000    0.000    0.000    0.000    0.000
1990   4   4    0 1990   4   5    0     0.000    0.000    0.000    0.000    0.000    0.000    0.000    0.000    0.000    0.000
                                       0.762    0.000    0.000    0.000    0.000    0.000
1990   4   5    0 1990   4   6    0     0.000    0.000    0.000    0.000    0.000    0.000    0.000    0.000    0.000    0.000
                                       0.254    0.000    0.000    0.000    0.000    0.000
1990   4   6    0 1990   4   7    0     0.000    0.000    0.000    0.000    0.000    0.000    0.000    0.000    0.000    0.000
                                       0.000    0.000    0.000    0.000    0.000    0.000
1990   4   7    0 1990   4   8    0     0.000    0.000    0.000    0.000    0.000    0.000    0.000    0.000    0.000    0.000
                                       0.000    0.000    0.000    0.000    0.000    0.000
1990   4   8    0 1990   4   9    0     0.000    0.000    0.000    0.000    0.000    0.000    0.000    0.000    0.000    0.000
                                       0.000    0.000    0.000    0.000    0.000    0.000
1990   4   9    0 1990   4  10    0     0.000    0.000    0.000    0.000    0.000    0.000    0.000    0.000    0.000    0.000
                                       0.000    0.000    0.000    0.000    0.000    0.000
1990   4  10    0 1990   4  11    0     0.000    0.000    0.000    0.000    0.000    0.000    0.000    0.000    0.000    0.000
                                       0.000    0.000    0.000    0.000    0.000    0.000
1990   4  11    0 1990   4  12    0     0.000    0.000    0.000    0.000    0.000    0.000    0.000    0.000    0.000    0.000
                                       0.000    0.000    0.000    0.000    0.000    0.000
1990   4  12    0 1990   4  13    0     0.000    0.000    0.000    0.000    0.000    0.000    0.000    0.000    0.000    0.000
                                       0.000    0.000    0.000    0.000    0.000    0.000
1990   4  13    0 1990   4  14    0     0.000    0.000    0.000    0.000    0.000    0.000    0.000    0.000    0.000    0.000
                                       0.000    0.000    0.000    0.000    0.000    0.000
1990   4  14    0 1990   4  15    0     0.000    0.000    0.000    0.000    0.000    0.000    0.000    0.000    0.000    0.000
                                       0.000    0.000    0.000    0.000    0.000    0.000
1990   4  15    0 1990   4  16    0     0.000    0.000    0.000    0.000    0.000    0.000    0.000    0.000    0.000    0.000
                                       0.000    0.000    0.000    0.000    0.000    0.000
1990   4  16    0 1990   4  17    0     0.000    0.000    0.000    0.000    0.000    0.000    0.000    0.000    0.000    0.000
                                       0.000    0.000    0.000    0.000    0.000    0.000
1990   4  17    0 1990   4  18    0     0.000    0.000    0.000    0.000    0.000    0.000    0.000    0.000    0.000    0.000
                                       0.000    0.000    2.540    0.000    0.000    0.000
1990   4  18    0 1990   4  19    0     0.000    0.000    0.000    0.000    0.000    0.000    0.000    0.000    0.000    0.000
                                       0.000    0.000    0.000    0.000    0.000    0.000
1990   4  19    0 1990   4  20    0     0.000    0.000    0.000    0.000    0.000    0.000    0.000    0.000    0.000    0.000
                                       0.000    0.000    0.000    0.000    0.000    0.000
1990   4  20    0 1990   4  21    0     0.000    0.000    0.000    0.000    0.000    0.000    0.000    0.000    0.000    0.000
                                       0.000    0.000    0.000    0.000    0.000    0.000
1990   4  21    0 1990   4  22    0     0.000    0.000    0.000    0.000    0.000    0.000    0.000    0.000    0.000    0.000
                                       0.000    0.000    0.000    0.000    0.000    0.000
1990   4  22    0 1990   4  23    0     0.000    0.000    0.000    0.000    0.000    0.000    0.000    0.000    0.000    0.000
                                       0.000    0.000    0.000    0.000    0.000    0.000
1990   4  23    0 1990   4  24    0     0.000    0.000    0.000    0.000    0.000    0.000    0.000    0.000    0.000    0.000
                                       0.254    0.000    0.000    0.000    0.000    0.000
1990   5   0    0 1990   5   1    0     0.000    0.000    0.000    0.000    0.000    0.000    0.000    0.000    0.000    0.000
                                       0.254    0.000    0.000    0.000    0.000    0.000
1990   5   1    0 1990   5   2    0     0.000    0.000    0.000    0.000    0.000    0.000    0.000    0.000    0.000    0.000
                                       0.254    0.000    0.000    0.000    2.540    0.000
1990   5   2    0 1990   5   3    0     0.000    0.000    0.000    0.000    0.000    0.000    0.000    0.000    0.000    0.000
                                       0.000    0.000    0.000    0.000    0.000    0.000
1990   5   3    0 1990   5   4    0     0.000    0.000    0.000    0.000    0.000    0.000    0.000    0.000    0.000    0.000
                                       0.000    0.000    0.000    0.000    0.000    0.000
1990   5   4    0 1990   5   5    0     0.000    0.000    0.000    0.000    0.000    0.000    0.000    0.000    0.000    0.000
                                       1.016    0.000    0.000    0.000    0.000    0.000
1990   5   5    0 1990   5   6    0     0.000    0.000    0.000    0.000    0.000    0.000    0.000    0.000    0.000    0.000
                                       0.762    0.000    0.000    0.000    0.000    0.000
1990   5   6    0 1990   5   7    0     0.000    0.000    0.000    0.000    0.000    0.000    0.000    0.000    0.000    0.000
                                       0.000    0.000    0.000    0.000    0.000    0.000
1990   5   7    0 1990   5   8    0     0.000    0.000    0.000    0.000    0.000    0.000    0.000    0.000    0.000    0.000
                                       0.000    0.000    0.000    0.000    0.000    0.000
1990   5   8    0 1990   5   9    0     0.000    0.000    0.000    0.000    0.000    0.000    0.000    0.000    0.000    0.000
                                       0.000    0.000    0.000    0.000    0.000    0.000
1990   5   9    0 1990   5  10    0     0.000    0.000    0.000    0.000    0.000    0.000    0.000    0.000    0.000    0.000
                                       0.000    0.000    0.000    0.000    0.000    0.000
1990   5  10    0 1990   5  11    0     0.000    0.000    0.000    0.000    0.000    0.000    0.000    0.000    0.000    0.000
                                       0.000    0.000    0.000    0.000    0.000    0.000
1990   5  11    0 1990   5  12    0     0.000    0.000    0.000    0.000    0.000    0.000    0.000    0.000    0.000    0.000
                                       0.000    0.000    0.000    0.000    0.000    0.000
1990   5  12    0 1990   5  13    0     0.000    0.000    0.000    0.000    0.000    0.000    0.000    0.000    0.000    0.000
                                       0.000    0.000    0.000    0.000    0.000    0.000
1990   5  13    0 1990   5  14    0     0.000    0.000    0.000    0.000    0.000    0.000    0.000    0.000    0.000    0.000
                                       0.000    0.000    0.000    0.000    0.000    0.000
1990   5  14    0 1990   5  15    0     0.000    0.000    0.000    0.000    0.000    0.000    0.000    0.000    0.000    0.000
                                       0.000    0.000    0.000    0.000    0.000    0.000
1990   5  15    0 1990   5  16    0     0.000    0.000    0.000    0.000    0.000    0.000    0.000    0.000    0.000    0.000
                                       0.000    0.000    0.000    0.000    0.000    0.000
1990   5  16    0 1990   5  17    0     0.000    0.000    0.000    0.000    0.000    0.000    0.000    0.000    0.000    0.000
                                       0.000    0.000    0.000    0.000    0.000    0.000
1990   5  17    0 1990   5  18    0     0.000    0.000    0.000    0.000    0.000    0.000    0.000    0.000    0.000    0.000
                                       0.000    0.000    0.000    0.000    0.000    0.000
1990   5  18    0 1990   5  19    0     0.000    0.000    0.000    0.000    0.000    0.000    0.000    0.000    0.000    0.000
                                       0.000    0.000    0.000    0.000    0.000    0.000
1990   5  19    0 1990   5  20    0     0.000    0.000    0.000    0.000    0.000    0.000    0.000    0.000    0.000    0.000
                                       0.000    0.000    0.000    0.000    0.000    0.000
1990   5  20    0 1990   5  21    0     0.000    0.000    0.000    0.000    0.000    0.000    0.000    0.000    0.000    0.000
                                       0.000    0.000    0.000    0.000    0.000    0.000
1990   5  21    0 1990   5  22    0     0.000    0.000    0.000    0.000    0.000    0.000    0.000    0.000    0.000    0.000
                                       0.000    0.000    0.000    0.000    0.000    0.000
1990   5  22    0 1990   5  23    0     0.000    0.000    0.000    0.000    0.000    0.000    0.000    0.000    0.000    0.000
                                       0.000    0.000    0.000    0.000    0.000    0.000
1990   5  23    0 1990   5  24    0     0.000    0.000    0.000    0.000    0.000    0.000    0.000    0.000    0.000    0.000
                                       0.000    0.000    0.000    0.000    0.000    0.000
1990   6   0    0 1990   6   1    0     0.000    0.000    0.000    0.000    0.000    0.000    0.000    0.000    0.000    0.000
                                       0.000    0.000    0.000    0.000    0.000    0.000
1990   6   1    0 1990   6   2    0     0.000    0.000    0.000    0.000    0.000    0.000    0.000    0.000    0.000    0.000
                                       0.000    0.000    0.000    0.000    0.000    0.000
1990   6   2    0 1990   6   3    0     0.000    0.000    0.000    0.000    0.000    0.000    0.000    0.000    0.000    0.000
                                       0.000    0.000    0.000    0.000    0.000    0.000
1990   6   3    0 1990   6   4    0     0.000    0.000    0.000    0.000    0.000    0.000    0.000    0.000    0.000    0.000
                                       0.000    0.000    0.000    0.000    0.000    0.000
1990   6   4    0 1990   6   5    0     0.000    0.000    0.000    0.000    0.000    0.000    0.000    0.000    0.000    0.000
                                       0.000    0.000    0.000    0.000    0.000    0.000
1990   6   5    0 1990   6   6    0     0.000    0.000    0.000    0.000    0.000    0.000    0.000    0.000    0.000    0.000
                                       0.000    0.000    0.000    0.000    0.000    0.000
1990   6   6    0 1990   6   7    0     0.000    0.000    0.000    0.000    0.000    0.000    0.000    0.000    0.000    0.000
                                       0.000    0.000    0.000    0.000    0.000    0.000
1990   6   7    0 1990   6   8    0     0.000    0.000    0.000    0.000    0.000    0.000    0.000    0.000    0.000    0.000
                                       0.000    0.000    0.000    0.000    0.000    0.000
1990   6   8    0 1990   6   9    0     0.000    0.000    0.000    0.000    0.000    0.000    0.000    0.000    0.000    0.000
                                       0.000    0.000    0.000    0.000    0.000    0.000
1990   6   9    0 1990   6  10    0     0.000    0.000    0.000    0.000    0.000    0.000    0.000    0.000    0.000    0.000
                                       0.000    0.000    0.000    0.000    0.000    0.000
1990   6  10    0 1990   6  11    0     0.000    0.000    0.000    0.000    0.000    0.000    0.000    0.000    0.000    0.000
                                       0.000    0.000    0.000    0.000    0.000    0.000
1990   6  11    0 1990   6  12    0     0.000    0.000    0.000    0.000    0.000    0.000    0.000    0.000    0.000    0.000
                                       0.000    0.000    0.000    0.000    0.000    0.000
1990   6  12    0 1990   6  13    0     0.000    0.000    0.000    0.000    0.000    0.000    0.000    0.000    0.000    0.000
                                       0.000    0.000    0.000    0.000    0.000    0.000
1990   6  13    0 1990   6  14    0     0.000    0.000    0.000    0.000    0.000    0.000    0.000    0.000    0.000    0.000
                                       1.016    0.000    0.000    0.000    0.000    0.000
1990   6  14    0 1990   6  15    0     0.000    0.000    0.000    0.000    0.000    0.000    0.000    0.000    0.000    0.000
                                       1.270    0.000    0.000    0.000    0.000    0.000
1990   6  15    0 1990   6  16    0     0.000    0.000    0.000    0.000    0.000    0.000    0.000    0.000    0.000    0.000
                                       1.270    0.000    0.000    0.000    0.000    0.000
1990   6  16    0 1990   6  17    0     0.000    0.000    0.000    0.000    0.000    0.000    0.000    0.000    0.000    0.000
                                       1.270    0.000    0.000    0.000    0.000    0.000
1990   6  17    0 1990   6  18    0     0.000    0.000    0.000    0.000    0.000    0.000    0.000    0.000    0.000    0.000
                                       1.270    0.000    0.000    0.000    0.000    0.000
1990   6  18    0 1990   6  19    0     0.000    0.000    0.000    0.000    0.000    0.000    0.000    0.000    0.000    0.000
                                       1.270    0.000    0.000    0.000    0.000    0.000
1990   6  19    0 1990   6  20    0     0.000    0.000    0.000    0.000    0.000    0.000    0.000    0.000    0.000    0.000
                                       1.270    0.000    0.000    0.000    0.000    0.000
1990   6  20    0 1990   6  21    0     0.000    0.000    0.000    0.000    0.000    0.000    0.000    0.000    0.000    0.000
                                       1.016    0.000    0.000    0.000    0.000    0.000
1990   6  21    0 1990   6  22    0     0.000    0.000    0.000    0.000    0.000    0.000    0.000    0.000    0.000    0.000
                                       0.762    0.000    0.000    0.000    0.000    0.000
1990   6  22    0 1990   6  23    0     0.000    0.000    0.000    0.000    0.000    0.000    0.000    0.000    0.000    0.000
                                       0.000    0.000    0.000    0.000    0.000    0.000
1990   6  23    0 1990   6  24    0     0.000    0.000    0.000    0.000    0.000    0.000    0.000    0.000    0.000    0.000
                                       0.000    0.000    0.000    0.000    0.000    0.000
1990   7   0    0 1990   7   1    0     0.000    0.000    0.000    0.000    0.000    0.000    0.000    0.000    0.000    0.000
                                       0.000    0.000    0.000    0.000    0.000    0.000
1990   7   1    0 1990   7   2    0     0.000    0.000    0.000    0.000    0.000    0.000    0.000    0.000    0.000    0.000
                                       0.000    0.000    0.000    0.000    0.000    0.000
1990   7   2    0 1990   7   3    0     0.000    0.000    0.000    0.000    0.000    0.000    0.000    0.000    0.000    0.000
                                       0.000    0.000    0.000    0.000    0.000    0.000
1990   7   3    0 1990   7   4    0     0.000    0.000    0.000    0.000    0.000    0.000    0.000    0.000    0.000    0.000
                                       0.000    0.000    0.000    0.000    0.000    0.000
1990   7   4    0 1990   7   5    0     0.000    0.000    0.000    0.000    0.000    0.000    0.000    0.000    0.000    0.000
                                       0.000    0.000    0.000    0.000    0.000    0.000
1990   7   5    0 1990   7   6    0     0.000    0.000    0.000    0.000    0.000    0.000    0.000    0.000    0.000    0.000
                                       0.000    0.000    0.000    0.000    0.000    0.000
1990   7   6    0 1990   7   7    0     0.000    0.000    0.000    0.000    0.000    0.000    0.000    0.000    0.000    0.000
                                       0.000    0.000    0.000    0.000    0.000    0.000
1990   7   7    0 1990   7   8    0     0.000    0.000    0.000    0.000    0.000    0.000    0.000    0.000    0.000    0.000
                                       0.000    0.000    0.000    0.000    0.000    0.000
1990   7   8    0 1990   7   9    0     0.000    0.000    0.000    0.000    0.000    0.000    0.000    0.000    0.000    0.000
                                       0.000    0.000    0.000    0.000    0.000    0.000
1990   7   9    0 1990   7  10    0     0.000    0.000    0.000    0.000    0.000    0.000    0.000    0.000    0.000    0.000
                                       0.000    0.000    0.000    0.000    0.000    0.000
1990   7  10    0 1990   7  11    0     0.000    0.000    0.000    0.000    0.000    0.000    0.000    0.000    0.000    0.000
                                       0.000    0.000    0.000    0.000    0.000    0.000
1990   7  11    0 1990   7  12    0     0.000    0.000    0.000    0.000    0.000    0.000    0.000    0.000    0.000    0.000
                                       0.000    0.000    0.000    0.000    0.000    0.000
1990   7  12    0 1990   7  13    0     0.000    0.000    0.000    0.000    0.000    0.000    0.000    0.000    0.000    0.000
                                       0.000    0.000    0.000    0.000    0.000    0.000
1990   7  13    0 1990   7  14    0     0.000    0.000    0.000    0.000    0.000    0.000    0.000    0.000    0.000    0.000
                                       0.000    0.000    0.000    0.000    0.000    0.000
1990   7  14    0 1990   7  15    0     0.000    0.000    0.000    0.000    0.000    0.000    0.000    0.000    0.000    0.000
                                       0.000    0.000    0.000    0.000    0.000    0.000
1990   7  15    0 1990   7  16    0     0.000    0.000    0.000    0.000    0.000    0.000    0.000    0.000    0.000    0.000
                                       0.000    0.000    0.000    0.000    0.000    0.000
1990   7  16    0 1990   7  17    0     0.000    0.000    0.000    0.000    0.000    0.000    0.000    0.000    0.000    0.000
                                       0.000    0.000    0.000    0.000    0.000    0.000
1990   7  17    0 1990   7  18    0     0.000    0.000    0.000    0.000    0.000    0.000    0.000    0.000    0.000    0.000
                                       1.270    0.000    0.000    0.000    0.000    0.000
1990   7  18    0 1990   7  19    0     0.000    0.000    0.000    0.000    0.000    0.000    0.000    0.000    0.000    0.000
                                       1.270    0.000    0.000    0.000    0.000    0.000
1990   7  19    0 1990   7  20    0     0.000    0.000    0.000    0.000    0.000    0.000    0.000    0.000    0.000    0.000
                                       0.000    0.000    0.000    0.000    0.000    0.000
1990   7  20    0 1990   7  21    0     0.000    0.000    0.000    0.000    0.000    0.000    0.000    0.000    0.000    0.000
                                       0.000    0.000    0.000    0.000    0.000    0.000
1990   7  21    0 1990   7  22    0     0.000    0.000    0.000    0.000    0.000    0.000    0.000    0.000    0.000    0.000
                                       0.000    0.000    0.000    0.000    0.000    0.000
1990   7  22    0 1990   7  23    0     0.000    0.000    0.000    0.000    0.000    0.000    0.000    0.000    0.000    0.000
                                       0.000    0.000    0.000    0.000    0.000    0.000
1990   7  23    0 1990   7  24    0     0.000    0.000    0.000    0.000    0.000    0.000    0.000    0.000    0.000    0.000
                                       0.000    0.000    0.000    0.000    0.000    0.000
1990   8   0    0 1990   8   1    0     0.000    0.000    0.000    0.000    0.000    0.000    0.000    0.000    0.000    0.000
                                       0.000    0.000    0.000    0.000    0.000    0.000
1990   8   1    0 1990   8   2    0     0.000    0.000    0.000    0.000    0.000    0.000    0.000    0.000    0.000    0.000
                                       0.000    0.000    0.000    0.000    0.000    0.000
1990   8   2    0 1990   8   3    0     0.000    0.000    0.000    0.000    0.000    0.000    0.000    0.000    0.000    0.000
                                       0.000    0.000    0.000    0.000    0.000    0.000
1990   8   3    0 1990   8   4    0     0.000    0.000    0.000    0.000    0.000    0.000    0.000    0.000    0.000    0.000
                                       0.000    0.000    0.000    0.000    0.000    0.000
1990   8   4    0 1990   8   5    0     0.000    0.000    0.000    0.000    0.000    0.000    0.000    0.000    0.000    0.000
                                       0.000    0.000    0.000    0.000    0.000    0.000
1990   8   5    0 1990   8   6    0     0.000    0.000    0.000    0.000    0.000    0.000    0.000    0.000    0.000    0.000
                                       0.000    0.000    0.000    0.000    0.000    0.000
1990   8   6    0 1990   8   7    0     0.000    0.000    0.000    0.000    0.000    0.000    0.000    0.000    0.000    0.000
                                       0.000    0.000    0.000    2.540    0.000    0.000
1990   8   7    0 1990   8   8    0     0.000    0.000    0.000    0.000    0.000    0.000    0.000    0.000    0.000    0.000
                                       0.254    0.000    0.000    0.000    0.000    0.000
1990   8   8    0 1990   8   9    0     0.000    0.000    0.000    0.000    0.000    0.000    0.000    0.000    0.000    0.000
                                       0.254    0.000    0.000    0.000    0.000    0.000
1990   8   9    0 1990   8  10    0     0.000    0.000    0.000    0.000    0.000    0.000    0.000    0.000    0.000    0.000
                                       0.254    0.000    0.000    0.000    0.000    0.000
1990   8  10    0 1990   8  11    0     0.000    0.000    0.000    0.000    0.000    0.000    0.000    0.000    0.000    0.000
                                       0.000    0.000    0.000    0.000    0.000    0.000
1990   8  11    0 1990   8  12    0     0.000    0.000    0.000    0.000    0.000    0.000    0.000    0.000    0.000    0.000
                                       0.000    0.000    0.000    0.000    0.000    0.000
1990   8  12    0 1990   8  13    0     0.000    0.000    0.000    0.000    0.000    0.000    0.000    0.000    0.000    0.000
                                       0.000    0.000    0.000    0.000    0.000    0.000
1990   8  13    0 1990   8  14    0     0.000    0.000    0.000    0.000    0.000    0.000    0.000    0.000    0.000    0.000
                                       0.000    0.000    0.000    0.000    0.000    0.000
1990   8  14    0 1990   8  15    0     0.000    0.000    0.000    0.000    0.000    0.000    0.000    0.000    0.000    0.000
                                       0.000    0.000    0.000    0.000    0.000    0.000
1990   8  15    0 1990   8  16    0     0.000    0.000    0.000    0.000    0.000    0.000    0.000    0.000    0.000    0.000
                                       0.000    0.000    0.000    0.000    0.000    0.000
1990   8  16    0 1990   8  17    0     0.000    0.000    0.000    0.000    0.000    0.000    0.000    0.000    0.000    0.000
                                       0.000    0.000    0.000    0.000    0.000    0.000
1990   8  17    0 1990   8  18    0     0.000    0.000    0.000    0.000    0.000    0.000    0.000    0.000    0.000    0.000
                                       0.000    0.000    0.000    0.000    0.000    0.000
1990   8  18    0 1990   8  19    0     0.000    0.000    0.000    0.000    0.000    0.000    0.000    0.000    0.000    0.000
                                       0.000    0.000    0.000    0.000    0.000    0.000
1990   8  19    0 1990   8  20    0     0.000    0.000    0.000    0.000    0.000    0.000    0.000    0.000    0.000    0.000
                                       0.000    0.000    0.000    0.000    0.000    0.000
1990   8  20    0 1990   8  21    0     0.000    0.000    0.000    0.000    0.000    0.000    0.000    0.000    0.000    0.000
                                       0.000    0.000    0.000    0.000    0.000    0.000
1990   8  21    0 1990   8  22    0     0.000    0.000    0.000    0.000    0.000    0.000    0.000    0.000    0.000    0.000
                                       0.000    0.000    0.000    0.000    0.000    0.000
1990   8  22    0 1990   8  23    0     0.000    0.000    0.000    0.000    0.000    0.000    0.000    0.000    0.000    0.000
                                       0.000    0.000    0.000    0.000    0.000    0.000
1990   8  23    0 1990   8  24    0     0.000    0.000    0.000    0.000    0.000    0.000    0.000    0.000    0.000    0.000
                                       0.000    0.000    0.000    0.000    0.000    0.000
1990   9   0    0 1990   9   1    0     0.000    0.000    0.000    0.000    0.000    0.000    0.000    0.000    0.000    0.000
                                       0.000    0.000    0.000    0.000    0.000    0.000
1990   9   1    0 1990   9   2    0     0.000    0.000    0.000    0.000    0.000    0.000    0.000    0.000    0.000    0.000
                                       0.000    0.000    0.000    0.000    0.000    0.000
1990   9   2    0 1990   9   3    0     0.000    0.000    0.000    0.000    0.000    0.000    0.000    0.000    0.000    0.000
                                       0.000    0.000    0.000    0.000    0.000    0.000
1990   9   3    0 1990   9   4    0     0.000    0.000    0.000    0.000    0.000    0.000    0.000    0.000    0.000    0.000
                                       0.000    0.000    0.000    0.000    0.000    0.000
1990   9   4    0 1990   9   5    0     0.000    0.000    0.000    0.000    0.000    0.000    0.000    0.000    0.000    0.000
                                       0.000    0.000    0.000    0.000    0.000    0.000
1990   9   5    0 1990   9   6    0     0.000    0.000    0.000    0.000    0.000    0.000    0.000    0.000    0.000    0.000
                                       0.000    0.000    0.000    0.000    0.000    0.000
1990   9   6    0 1990   9   7    0     0.000    0.000    0.000    0.000    0.000    0.000    0.000    0.000    0.000    0.000
                                       0.000    0.000    0.000    0.000    0.000    0.000
1990   9   7    0 1990   9   8    0     0.000    0.000    0.000    0.000    0.000    0.000    0.000    0.000    0.000    0.000
                                       0.000    0.000    0.000    0.000    0.000    0.000
1990   9   8    0 1990   9   9    0     0.000    0.000    0.000    0.000    0.000    0.000    0.000    0.000    0.000    0.000
                                       0.000    0.000    0.000    0.000    0.000    0.000
1990   9   9    0 1990   9  10    0     0.000    0.000    0.000    0.000    0.000    0.000    0.000    0.000    0.000    0.000
                                       0.000    0.000    0.000    0.000    0.000    0.000
1990   9  10    0 1990   9  11    0     0.000    0.000    0.000    0.000    0.000    0.000    0.000    0.000    0.000    0.000
                                       0.000    0.000    0.000    0.000    0.000    0.000
1990   9  11    0 1990   9  12    0     0.000    0.000    0.000    0.000    0.000    0.000    0.000    0.000    0.000    0.000
                                       0.000    0.000    0.000    0.000    0.000    0.000
1990   9  12    0 1990   9  13    0     0.000    0.000    0.000    0.000    0.000    0.000    0.000    0.000    0.000    0.000
                                       0.000    0.000    0.000    0.000    0.000    0.000
1990   9  13    0 1990   9  14    0     0.000    0.000    0.000    0.000    0.000    0.000    0.000    0.000    0.000    0.000
                                       0.000    0.000    0.000    0.000    0.000    0.000
1990   9  14    0 1990   9  15    0     0.000    0.000    0.000    0.000    0.000    0.000    0.000    0.000    0.000    0.000
                                       0.000    0.000    0.000    0.000    0.000    0.000
1990   9  15    0 1990   9  16    0     0.000    0.000    0.000    0.000    0.000    0.000    0.000    0.000    0.000    0.000
                                       0.000    0.000    0.000    0.000    0.000    0.000
1990   9  16    0 1990   9  17    0     0.000    0.000    0.000    0.000    0.000    0.000    0.000    0.000    0.000    0.000
                                       0.000    0.000    0.000    0.000    0.000    0.000
1990   9  17    0 1990   9  18    0     0.000    0.000    0.000    0.000    0.000    0.000    0.000    0.000    0.000    0.000
                                       0.000    0.000    0.000    0.000    0.000    0.000
1990   9  18    0 1990   9  19    0     0.000    0.000    0.000    0.000    0.000    0.000    0.000    0.000    0.000    0.000
                                       0.000    0.000    0.000    0.000    0.000    0.000
1990   9  19    0 1990   9  20    0     0.000    0.000    0.000    0.000    0.000    0.000    0.000    0.000    0.000    0.000
                                       0.000    0.000    0.000    0.000    0.000    0.000
1990   9  20    0 1990   9  21    0     0.000    0.000    0.000    0.000    0.000    0.000    0.000    0.000    0.000    0.000
                                       0.000    0.000    0.000    0.000    0.000    0.000
1990   9  21    0 1990   9  22    0     0.000    0.000    0.000    0.000    0.000    0.000    0.000    0.000    0.000    0.000
                                       0.000    0.000    0.000    0.000    0.000    0.000
1990   9  22    0 1990   9  23    0     0.000    0.000    0.000    0.000    0.000    0.000    0.000    0.000    0.000    0.000
                                       0.000    0.000    0.000    0.000    0.000    0.000
1990   9  23    0 1990   9  24    0     0.000    0.000    0.000    0.000    0.000    0.000    0.000    0.000    0.000    0.000
                                       0.000    0.000    0.000    0.000    0.000    0.000
1990  10   0    0 1990  10   1    0     0.000    0.000    0.000    0.000    0.000    0.000    0.000    0.000    0.000    0.000
                                       0.000    0.000    0.000    0.000    0.000    0.000
1990  10   1    0 1990  10   2    0     0.000    0.000    0.000    0.000    0.000    0.000    0.000    0.000    0.000    0.000
                                       0.000    0.000    0.000    0.000    0.000    0.000
1990  10   2    0 1990  10   3    0     0.000    0.000    0.000    0.000    0.000    0.000    0.000    0.000    0.000    0.000
                                       0.000    0.000    0.000    0.000    0.000    0.000
1990  10   3    0 1990  10   4    0     0.000    0.000    0.000    0.000    0.000    0.000    0.000    0.000    0.000    0.000
                                       0.000    0.000    0.000    0.000    0.000    0.000
1990  10   4    0 1990  10   5    0     0.000    0.000    0.000    0.000    0.000    0.000    0.000    0.000    0.000    0.000
                                       0.000    0.000    0.000    0.000    0.000    0.000
1990  10   5    0 1990  10   6    0     0.000    0.000    0.000    0.000    0.000    0.000    0.000    0.000    0.000    0.000
                                       0.000    0.000    0.000    0.000    0.000    0.000
1990  10   6    0 1990  10   7    0     0.000    0.000    0.000    0.000    0.000    0.000    0.000    0.000    0.000    0.000
                                       0.000    0.000    0.000    2.540    0.000    0.000
1990  10   7    0 1990  10   8    0     0.000    0.000    0.000    0.000    0.000    0.000    0.000    0.000    0.000    0.000
                                       0.000    0.000    0.000    0.000    0.000    0.000
1990  10   8    0 1990  10   9    0     0.000    0.000    0.000    0.000    0.000    0.000    0.000    0.000    0.000    0.000
                                       0.000    0.000    0.000    0.000    0.000    0.000
1990  10   9    0 1990  10  10    0     0.000    0.000    0.000    0.000    0.000    0.000    0.000    0.000    0.000    0.000
                                       0.508    0.000    0.000    0.000    0.000    0.000
1990  10  10    0 1990  10  11    0     0.000    0.254    0.000    0.000    0.000    0.000    0.000    0.000    0.000    0.000
                                       0.762    0.000    0.000    0.000    0.000    0.000
1990  10  11    0 1990  10  12    0     0.000    0.254    0.000    2.540    0.000    0.000    0.000    0.000    0.000    0.000
                                       0.762    2.540    0.000    0.000    0.000    0.000
1990  10  12    0 1990  10  13    0     0.000    0.254    2.540    0.000    2.540    0.000    0.000    0.000    0.000    0.000
                                       0.254    0.000    0.000    0.000    0.000    0.000
1990  10  13    0 1990  10  14    0     0.000    0.000    0.000    0.000    0.000    0.000    0.000    0.000    0.000    0.000
                                       0.000    0.000    0.000    0.000    0.000    0.000
1990  10  14    0 1990  10  15    0     0.000    0.000    0.000    0.000    0.000    0.000    2.540    0.000    0.000    0.000
                                       0.000    0.000    0.000    0.000    0.000    0.000
1990  10  15    0 1990  10  16    0     0.000    0.000    0.000    0.000    0.000    0.000    0.000    0.000    0.000    0.000
                                       0.000    0.000    2.540    0.000    0.000    0.000
1990  10  16    0 1990  10  17    0     0.000    0.000    0.000    0.000    0.000    0.000    0.000    0.000    0.000    0.000
                                       0.000    0.000    0.000    0.000    0.000    0.000
1990  10  17    0 1990  10  18    0     0.000    0.000    0.000    0.000    0.000    0.000    0.000    0.000    0.000    0.000
                                       0.000    0.000    0.000    0.000    0.000    0.000
1990  10  18    0 1990  10  19    0     0.000    0.000    0.000    0.000    0.000    0.000    0.000    0.000    0.000    0.000
                                       0.000    0.000    0.000    0.000    0.000    0.000
1990  10  19    0 1990  10  20    0     0.000    0.000    0.000    0.000    0.000    0.000    0.000    0.000    0.000    0.000
                                       0.000    0.000    0.000    0.000    0.000    0.000
1990  10  20    0 1990  10  21    0     0.000    0.000    0.000    0.000    0.000    0.000    0.000    0.000    0.000    0.000
                                       0.000    0.000    0.000    0.000    0.000    0.000
1990  10  21    0 1990  10  22    0     0.000    0.000    0.000    0.000    0.000    0.000    0.000    0.000    0.000    0.000
                                       0.000    0.000    0.000    0.000    0.000    0.000
1990  10  22    0 1990  10  23    0     0.000    0.000    0.000    0.000    0.000    0.000    0.000    0.000    0.000    0.000
                                       0.000    0.000    0.000    0.000    0.000    0.000
1990  10  23    0 1990  10  24    0     0.000    0.000    0.000    0.000    0.000    0.000    0.000    0.000    0.000    0.000
                                       0.000    0.000    0.000    0.000    0.000    0.000
1990  11   0    0 1990  11   1    0     0.000    0.000    0.000    0.000    0.000    0.000    0.000    0.000    0.000    0.000
                                       0.000    0.000    0.000    0.000    0.000    0.000
1990  11   1    0 1990  11   2    0     0.000    0.000    0.000    0.000    0.000    0.000    0.000    0.000    0.000    0.000
                                       0.000    0.000    0.000    0.000    0.000    0.000
1990  11   2    0 1990  11   3    0     0.000    0.000    0.000    0.000    0.000    0.000    0.000    0.000    0.000    0.000
                                       0.000    0.000    0.000    0.000    0.000    0.000
1990  11   3    0 1990  11   4    0     0.000    0.000    0.000    0.000    0.000    0.000    0.000    0.000    0.000    0.000
                                       0.000    0.000    0.000    0.000    0.000    0.000
1990  11   4    0 1990  11   5    0     0.000    0.000    0.000    0.000    0.000    0.000    0.000    0.000    0.000    0.000
                                       0.000    0.000    0.000    0.000    0.000    0.000
1990  11   5    0 1990  11   6    0     0.000    0.000    0.000    0.000    0.000    0.000    0.000    0.000    0.000    0.000
                                       0.000    0.000    0.000    0.000    0.000    0.000
1990  11   6    0 1990  11   7    0     0.000    0.000    0.000    0.000    0.000    0.000    0.000    0.000    0.000    0.000
                                       0.000    0.000    0.000    0.000    0.000    0.000
1990  11   7    0 1990  11   8    0     0.000    0.000    0.000    0.000    0.000    0.000    0.000    0.000    0.000    0.000
                                       0.000    0.000    0.000    0.000    0.000    0.000
1990  11   8    0 1990  11   9    0     0.000    0.000    0.000    0.000    0.000    0.000    0.000    0.000    0.000    0.000
                                       0.000    0.000    0.000    0.000    0.000    0.000
1990  11   9    0 1990  11  10    0     0.000    0.000    0.000    0.000    0.000    0.000    0.000    0.000    0.000    0.000
                                       0.000    0.000    0.000    0.000    0.000    0.000
1990  11  10    0 1990  11  11    0     0.000    0.000    0.000    0.000    0.000    0.000    0.000    0.000    0.000    0.000
                                       0.000    0.000    0.000    0.000    0.000    0.000
1990  11  11    0 1990  11  12    0     0.000    0.000    0.000    0.000    0.000    0.000    0.000    0.000    0.000    0.000
                                       0.000    0.000    0.000    0.000    0.000    0.000
1990  11  12    0 1990  11  13    0     0.000    0.000    0.000    0.000    0.000    0.000    0.000    0.000    0.000    0.000
                                       0.000    0.000    0.000    0.000    0.000    0.000
1990  11  13    0 1990  11  14    0     0.000    0.000    0.000    0.000    0.000    0.000    0.000    0.000    0.000    0.000
                                       0.000    0.000    0.000    0.000    0.000    0.000
1990  11  14    0 1990  11  15    0     0.000    0.000    0.000    0.000    0.000    0.000    0.000    2.540    0.000    0.000
                                       0.000    0.000    0.000    2.540    0.000    0.000
1990  11  15    0 1990  11  16    0     0.000    0.000    0.000    0.000    0.000    2.540    0.000    0.000    2.540    0.000
                                       0.000    0.000    0.000    0.000    2.540    0.000
1990  11  16    0 1990  11  17    0     0.000    0.254    0.000    0.000    0.000    0.000    0.000    0.000    0.000    0.000
                                       0.000    0.000    0.000    0.000    0.000    0.000
1990  11  17    0 1990  11  18    0     0.000    0.254    0.000    2.540    0.000    0.000    0.000    0.000    0.000    0.000
                                       0.000    0.000    0.000    2.540    0.000    0.000
1990  11  18    0 1990  11  19    0     0.000    0.000    0.000    0.000    0.000    0.000    0.000    0.000    0.000    2.540
                                       0.254    0.000    0.000    0.000    0.000    0.000
1990  11  19    0 1990  11  20    0     0.000    0.000    0.000    0.000    0.000    0.000    0.000    0.000    2.540    0.000
                                       0.508    0.000    0.000    0.000    0.000    0.000
1990  11  20    0 1990  11  21    0     2.540    0.000    0.000    0.000    0.000    0.000    2.540    0.000    0.000    0.000
                                       1.016    0.000    0.000    0.000    0.000    0.000
1990  11  21    0 1990  11  22    0     0.000    0.762    2.540    0.000    0.000    0.000    0.000    0.000    2.540    0.000
                                       1.016    0.000    2.540    0.000    0.000    0.000
1990  11  22    0 1990  11  23    0     0.000    0.254    0.000    0.000    0.000    0.000    0.000    0.000    0.000    0.000
                                       0.508    0.000    0.000    0.000    0.000    0.000
1990  11  23    0 1990  11  24    0     0.000    0.000    0.000    0.000    0.000    0.000    0.000    0.000    0.000    0.000
                                       0.000    0.000    0.000    0.000    0.000    0.000
1990  12   0    0 1990  12   1    0     0.000    0.000    0.000    0.000    0.000    0.000    0.000    0.000    0.000    0.000
                                       0.000    0.000    0.000    0.000    0.000    0.000
1990  12   1    0 1990  12   2    0     0.000    0.000    0.000    0.000    0.000    0.000    0.000    0.000    0.000    0.000
                                       0.000    0.000    0.000    0.000    0.000    0.000
1990  12   2    0 1990  12   3    0     0.000    0.000    0.000    0.000    0.000    0.000    0.000    0.000    0.000    0.000
                                       0.000    0.000    0.000    0.000    0.000    0.000
1990  12   3    0 1990  12   4    0     0.000    0.000    0.000    0.000    0.000    0.000    0.000    0.000    0.000    0.000
                                       0.000    0.000    0.000    0.000    0.000    0.000
1990  12   4    0 1990  12   5    0     0.000    0.000    0.000    0.000    0.000    0.000    0.000    0.000    0.000    0.000
                                       0.000    0.000    0.000    0.000    0.000    0.000
1990  12   5    0 1990  12   6    0     0.000    0.000    0.000    0.000    0.000    0.000    0.000    0.000    0.000    0.000
                                       0.000    0.000    0.000    0.000    0.000    0.000
1990  12   6    0 1990  12   7    0     0.000    0.000    0.000    0.000    0.000    0.000    0.000    0.000    0.000    0.000
                                       0.000    0.000    0.000    0.000    0.000    0.000
1990  12   7    0 1990  12   8    0     0.000    0.000    0.000    0.000    0.000    0.000    0.000    0.000    0.000    0.000
                                       0.254    0.000    0.000    0.000    0.000    0.000
1990  12   8    0 1990  12   9    0     0.000    0.000    0.000    0.000    0.000    0.000    0.000    0.000    0.000    0.000
                                       0.508    0.000    0.000    0.000    0.000    0.000
1990  12   9    0 1990  12  10    0     0.000    0.000    0.000    0.000    0.000    0.000    0.000    0.000    0.000    0.000
                                       0.508    0.000    0.000    0.000    0.000    2.540
1990  12  10    0 1990  12  11    0     0.000    0.000    0.000    0.000    0.000    0.000    2.540    0.000    0.000    0.000
                                       0.762    0.000    0.000    0.000    0.000    0.000
1990  12  11    0 1990  12  12    0     0.000    0.000    0.000    0.000    0.000    0.000    0.000    0.000    0.000    0.000
                                       0.762    0.000    0.000    0.000    2.540    0.000
1990  12  12    0 1990  12  13    0     0.000    0.000    0.000    0.000    0.000    0.000    0.000    0.000    0.000    0.000
                                       0.762    0.000    0.000    2.540    0.000    0.000
1990  12  13    0 1990  12  14    0     0.000    0.000    0.000    0.000    0.000    0.000    0.000    0.000    0.000    0.000
                                       0.762    0.000    2.540    0.000    0.000    0.000
1990  12  14    0 1990  12  15    0     0.000    0.000    0.000    0.000    0.000    0.000    0.000    0.000    0.000    0.000
                                       0.762    0.000    0.000    0.000    0.000    0.000
1990  12  15    0 1990  12  16    0     0.000    0.000    0.000    0.000    0.000    0.000    0.000    0.000    0.000    0.000
                                       0.762    0.000    0.000    0.000    0.000    0.000
1990  12  16    0 1990  12  17    0     0.000    0.000    0.000    0.000    0.000    0.000    0.000    0.000    0.000    0.000
                                       1.016    0.000    0.000    0.000    0.000    0.000
1990  12  17    0 1990  12  18    0     0.000    0.000    0.000    0.000    0.000    0.000    0.000    0.000    0.000    0.000
                                       1.016    0.000    0.000    0.000    0.000    0.000
1990  12  18    0 1990  12  19    0     0.000    0.000    0.000    0.000    0.000    0.000    0.000    0.000    0.000    0.000
                                       1.016    0.000    0.000    0.000    0.000    0.000
1990  12  19    0 1990  12  20    0     0.000    0.000    0.000    0.000    0.000    0.000    0.000    0.000    0.000    0.000
                                       1.016    0.000    0.000    0.000    0.000    0.000
1990  12  20    0 1990  12  21    0     0.000    0.000    0.000    0.000    0.000    0.000    0.000    0.000    0.000    0.000
                                       1.016    0.000    0.000    0.000    0.000    0.000
1990  12  21    0 1990  12  22    0     2.540    0.000    0.000    0.000    0.000    0.000    0.000    0.000    0.000    0.000
                                       1.016    0.000    0.000    2.540    0.000    0.000
1990  12  22    0 1990  12  23    0     0.000    0.000    0.000    0.000    0.000    0.000    0.000    0.000    2.540    0.000
                                       1.016    0.000    0.000    0.000    0.000    0.000
1990  12  23    0 1990  12  24    0     0.000    0.000    0.000    0.000    0.000    0.000    0.000    0.000    0.000    0.000
                                       1.016    0.000    0.000    0.000    0.000    0.000
1990  13   0    0 1990  13   1    0     0.000    0.000    0.000    0.000    0.000    0.000    0.000    0.000    0.000    0.000
                                       0.762    0.000    0.000    0.000    0.000    0.000
1990  13   1    0 1990  13   2    0     0.000    0.000    0.000    0.000    0.000    0.000    0.000    0.000    0.000    0.000
                                       0.508    0.000    0.000    0.000    0.000    0.000
1990  13   2    0 1990  13   3    0     0.000    0.000    0.000    0.000    0.000    0.000    0.000    0.000    0.000    0.000
                                       0.254    0.000    0.000    0.000    0.000    0.000
1990  13   3    0 1990  13   4    0     0.000    0.000    0.000    0.000    0.000    0.000    0.000    0.000    0.000    0.000
                                       0.254    0.000    0.000    0.000    0.000    0.000
1990  13   4    0 1990  13   5    0     0.000    0.000    0.000    0.000    0.000    0.000    0.000    0.000    0.000    0.000
                                       0.000    0.000    0.000    0.000    0.000    0.000
1990  13   5    0 1990  13   6    0     0.000    0.000    0.000    0.000    0.000    0.000    0.000    0.000    0.000    0.000
                                       0.000    0.000    0.000    0.000    0.000    0.000
1990  13   6    0 1990  13   7    0     0.000    0.000    0.000    0.000    0.000    0.000    0.000    0.000    0.000    0.000
                                       0.254    0.000    0.000    0.000    0.000    0.000
1990  13   7    0 1990  13   8    0     0.000    0.000    0.000    0.000    0.000    0.000    0.000    0.000    0.000    0.000
                                       0.254    0.000    0.000    0.000    0.000    0.000
1990  13   8    0 1990  13   9    0     0.000    0.000    0.000    0.000    0.000    0.000    0.000    0.000    0.000    0.000
                                       0.000    0.000    0.000    0.000    0.000    0.000
1990  13   9    0 1990  13  10    0     0.000    0.000    0.000    0.000    0.000    0.000    0.000    0.000    0.000    0.000
                                       0.000    0.000    0.000    0.000    0.000    0.000
1990  13  10    0 1990  13  11    0     0.000    0.000    0.000    0.000    0.000    0.000    0.000    0.000    0.000    0.000
                                       0.000    0.000    0.000    0.000    0.000    0.000
1990  13  11    0 1990  13  12    0     0.000    0.000    0.000    0.000    0.000    0.000    0.000    0.000    0.000    0.000
                                       0.000    0.000    0.000    0.000    0.000    0.000
1990  13  12    0 1990  13  13    0     0.000    0.000    0.000    0.000    0.000    0.000    0.000    0.000    0.000    0.000
                                       0.000    0.000    0.000    0.000    0.000    0.000
1990  13  13    0 1990  13  14    0     0.000    0.000    0.000    0.000    0.000    0.000    0.000    0.000    0.000    0.000
                                       0.000    0.000    0.000    0.000    0.000    0.000
1990  13  14    0 1990  13  15    0     0.000    0.000    0.000    0.000    0.000    0.000    0.000    0.000    0.000    0.000
                                       0.000    0.000    0.000    0.000    0.000    0.000
1990  13  15    0 1990  13  16    0     0.000    0.000    0.000    0.000    0.000    0.000    0.000    0.000    0.000    0.000
                                       0.000    0.000    0.000    0.000    0.000    0.000
1990  13  16    0 1990  13  17    0     0.000    0.000    0.000    0.000    0.000    0.000    0.000    0.000    0.000    0.000
                                       0.000    0.000    0.000    0.000    0.000    0.000
1990  13  17    0 1990  13  18    0     0.000    0.000    0.000    0.000    0.000    0.000    0.000    0.000    0.000    0.000
                                       0.000    0.000    0.000    0.000    0.000    0.000
1990  13  18    0 1990  13  19    0     0.000    0.000    0.000    0.000    0.000    0.000    0.000    0.000    0.000    0.000
                                       0.000    0.000    0.000    0.000    0.000    0.000
1990  13  19    0 1990  13  20    0     0.000    0.000    0.000    0.000    0.000    0.000    0.000    0.000    0.000    0.000
                                       0.000    0.000    0.000    0.000    0.000    0.000
1990  13  20    0 1990  13  21    0     0.000    0.000    0.000    0.000    0.000    0.000    0.000    0.000    0.000    0.000
                                       0.000    0.000    0.000    0.000    0.000    0.000
1990  13  21    0 1990  13  22    0     0.000    0.000    0.000    0.000    0.000    0.000    0.000    0.000    0.000    0.000
                                       0.000    0.000    0.000    0.000    0.000    0.000
1990  13  22    0 1990  13  23    0     0.000    0.000    0.000    0.000    0.000    0.000    0.000    0.000    0.000    0.000
                                       0.000    0.000    0.000    0.000    0.000    0.000
1990  13  23    0 1990  13  24    0     0.000    0.000    0.000    0.000    0.000    0.000    0.000    0.000    0.000    0.000
                                       0.000    0.000    0.000    0.000    0.000    0.000
1990  14   0    0 1990  14   1    0     0.000    0.000    0.000    0.000    0.000    0.000    0.000    0.000    0.000    0.000
                                       0.000    0.000    0.000    0.000    0.000    0.000
1990  14   1    0 1990  14   2    0     0.000    0.000    0.000    0.000    0.000    0.000    0.000    0.000    0.000    0.000
                                       0.000    0.000    0.000    0.000    0.000    0.000
1990  14   2    0 1990  14   3    0     0.000    0.000    0.000    0.000    0.000    0.000    0.000    0.000    0.000    0.000
                                       0.000    0.000    0.000    0.000    0.000    0.000
1990  14   3    0 1990  14   4    0     0.000    0.000    0.000    0.000    0.000    0.000    0.000    0.000    0.000    0.000
                                       0.000    0.000    0.000    0.000    0.000    0.000
1990  14   4    0 1990  14   5    0     0.000    0.000    0.000    0.000    0.000    0.000    0.000    0.000    0.000    0.000
                                       0.000    0.000    0.000    0.000    0.000    0.000
1990  14   5    0 1990  14   6    0     0.000    0.000    0.000    0.000    0.000    0.000    0.000    0.000    0.000    0.000
                                       0.000    0.000    0.000    0.000    0.000    0.000
1990  14   6    0 1990  14   7    0     0.000    0.000    0.000    0.000    0.000    0.000    0.000    0.000    0.000    0.000
                                       0.000    0.000    0.000    0.000    0.000    0.000
1990  14   7    0 1990  14   8    0     0.000    0.000    0.000    0.000    0.000    0.000    0.000    0.000    0.000    0.000
                                       0.000    0.000    0.000    0.000    0.000    0.000
1990  14   8    0 1990  14   9    0     0.000    0.000    0.000    0.000    0.000    0.000    0.000    0.000    0.000    0.000
                                       0.000    0.000    0.000    0.000    0.000    0.000
1990  14   9    0 1990  14  10    0     0.000    0.000    0.000    0.000    0.000    0.000    0.000    0.000    0.000    0.000
                                       0.000    0.000    0.000    0.000    0.000    0.000
1990  14  10    0 1990  14  11    0     0.000    0.000    0.000    0.000    0.000    0.000    0.000    0.000    0.000    0.000
                                       0.000    0.000    0.000    0.000    0.000    0.000
1990  14  11    0 1990  14  12    0     0.000    0.000    0.000    0.000    0.000    0.000    0.000    0.000    0.000    0.000
                                       0.000    0.000    0.000    0.000    0.000    0.000
1990  14  12    0 1990  14  13    0     0.000    0.000    0.000    0.000    0.000    0.000    0.000    0.000    0.000    0.000
                                       0.000    0.000    0.000    0.000    0.000    0.000
1990  14  13    0 1990  14  14    0     0.000    0.000    0.000    0.000    0.000    0.000    0.000    0.000    0.000    0.000
                                       0.000    0.000    0.000    0.000    0.000    0.000
1990  14  14    0 1990  14  15    0     0.000    0.000    0.000    0.000    0.000    0.000    0.000    0.000    0.000    0.000
                                       0.000    0.000    0.000    0.000    0.000    0.000
1990  14  15    0 1990  14  16    0     0.000    0.000    0.000    0.000    0.000    0.000    0.000    0.000    0.000    0.000
                                       0.000    0.000    0.000    0.000    0.000    0.000
1990  14  16    0 1990  14  17    0     0.000    0.000    0.000    0.000    0.000    0.000    0.000    0.000    0.000    0.000
                                       0.000    0.000    0.000    0.000    0.000    0.000
1990  14  17    0 1990  14  18    0     0.000    0.000    0.000    0.000    0.000    0.000    0.000    0.000    0.000    0.000
                                       0.000    0.000    0.000    0.000    0.000    0.000
1990  14  18    0 1990  14  19    0     0.000    0.000    0.000    0.000    0.000    0.000    0.000    0.000    0.000    0.000
                                       0.000    0.000    0.000    0.000    0.000    0.000
1990  14  19    0 1990  14  20    0     0.000    0.000    0.000    0.000    0.000    0.000    0.000    0.000    0.000    0.000
                                       0.000    0.000    0.000    0.000    0.000    0.000
1990  14  20    0 1990  14  21    0     0.000    0.000    0.000    0.000    0.000    0.000    0.000    0.000    0.000    0.000
                                       0.000    0.000    0.000    0.000    0.000    0.000
1990  14  21    0 1990  14  22    0     0.000    0.000    0.000    0.000    0.000    0.000    0.000    0.000    0.000    0.000
                                       0.000    0.000    0.000    0.000    0.000    0.000
1990  14  22    0 1990  14  23    0     0.000    0.000    0.000    0.000    0.000    0.000    0.000    0.000    0.000    0.000
                                       0.000    0.000    0.000    0.000    0.000    0.000
1990  14  23    0 1990  14  24    0     0.000    0.000    0.000    0.000    0.000    0.000    0.000    0.000    0.000    0.000
                                       0.000    0.000    0.000    0.000    0.000    0.000
