SURF.DAT        2.1             Hour Start and End Times with Seconds                           
   1
Produced by SMERGE Version: 5.651  Level: 080407                                
NONE    
UTC-0500
  1990   8   0     0  1990  15   0     0    5
   14606
   14611
   14745
   14742
   14764
1990   8   0    0   1990   8   1    0
    0.000    0.000   50   10  270.928   85 1001.358    0
    5.144  220.000  999 9999  273.150   61 1005.083    0
    2.572  190.000  999    0  268.706   85  997.295    0
    5.144  190.000   37   10  275.372   62  996.956    0
    4.100  220.000  129    8  272.550   69 1007.000    0
1990   8   1    0   1990   8   2    0
    2.572  190.000   50    9  270.928   85 1001.020    0
    3.087  250.000  999 9999  272.594   67 1005.422    0
    3.601  180.000  999    0  269.261   85  997.295    0
    0.000    0.000   37   10  274.817   67  997.295    0
    4.100  230.000  129    9  272.550   69 1007.000    0
1990   8   2    0   1990   8   3    0
    0.000    0.000   50   10  271.483   85 1001.358    0
    0.000    0.000  999 9999  272.039   66 1005.761    0
    0.000    0.000  999    0  264.817   96  997.972    0
    3.087  240.000   37   10  275.372   64  998.311    0
    4.100  220.000  999    3  272.550   69 1008.000    0
1990   8   3    0   1990   8   4    0
    0.000    0.000   50   10  271.483   85 1001.697    0
    0.000    0.000  999 9999  272.039   66 1006.099    0
    0.000    0.000  999    0  265.372   96  998.311    0
    5.144  250.000   43   10  275.372   64  998.649    0
    2.600  230.000  999    0  272.050   75 1008.000    0
1990   8   4    0   1990   8   5    0
    0.000    0.000   50    9  271.483   85 1001.697    0
    0.000    0.000  999 9999  272.039   66 1006.777    0
    0.000    0.000  999    0  264.261   92  998.988    0
    4.630  210.000   50   10  275.928   62  998.988    0
    2.600  320.000  999    0  270.950   82 1009.000    0
1990   8   5    0   1990   8   6    0
    2.572  220.000  999    2  272.039   89 1002.036    0
    0.000    0.000  999 9999  270.928   69 1007.454    0
    0.000    0.000  999    0  263.706   92 1000.004    0
    4.116  210.000   50   10  275.928   59  999.665    0
    1.500  200.000  999    0  269.850   85 1009.000    0
1990   8   6    0   1990   8   7    0
    4.116  210.000   50    6  270.928   85 1002.713    0
    0.000    0.000  999 9999  267.039   96 1008.131    0
    0.000    0.000  999    0  261.483   92 1000.342    0
    3.601  240.000   49   10  275.928   62 1000.681    0
    1.500  280.000  999    0  269.850   85 1010.000    0
1990   8   7    0   1990   8   8    0
    2.058  220.000   50    5  271.483   75 1003.729    0
    1.029  320.000  999 9999  267.594   81 1008.808    0
    0.000    0.000  999    0  261.483   96 1000.681    0
    3.601  250.000   49    8  275.928   59 1000.681    0
    1.500  330.000  999    0  267.550   92 1010.000    0
1990   8   8    0   1990   8   9    0
    2.572  210.000  999    1  273.150   69 1004.406    0
    0.000    0.000  999 9999  272.039   92 1009.147    0
    0.000    0.000  999    0  265.372   92 1001.358    0
    3.601  230.000  999    1  276.483   60 1001.020    0
    3.100  240.000  999    1  270.950   82 1011.000    0
1990   8   9    0   1990   8  10    0
    4.630  270.000  999    0  275.372   62 1004.745    0
    1.543  180.000  999 9999  273.706   70 1010.163    0
    0.000    0.000  999    1  269.817   78 1001.697    0
    3.601  250.000  999    0  277.039   57 1001.358    0
    2.100  240.000  999    0  273.750   67 1012.000    0
1990   8  10    0   1990   8  11    0
    5.659  300.000  999    0  276.483   60 1004.745    0
    1.029  160.000  999 9999  275.928   70 1009.486    0
    2.058  230.000  999    0  273.706   42 1001.358    0
    3.087  270.000  999    1  277.594   51 1001.358    0
    1.500  350.000  999    0  276.450   57 1011.000    0
1990   8  11    0   1990   8  12    0
    2.572  270.000  999    1  277.594   53 1004.068    0
    0.000    0.000  999 9999  278.150   62 1008.808    0
    0.000    0.000  999    1  277.039   57 1000.342    0
    2.572  210.000  999    3  278.150   47 1000.004    0
    1.500  100.000  999    2  278.750   51 1010.000    0
1990   8  12    0   1990   8  13    0
    4.116  280.000  999    3  278.150   51 1004.068    0
    2.572  340.000  999 9999  280.372   52 1009.147    0
    0.000    0.000  999    2  278.706   51  999.665    0
    3.087  140.000  999    3  278.706   49 1000.004    0
    1.500  340.000  999    2  278.750   47 1010.000    0
1990   8  13    0   1990   8  14    0
    4.116  280.000  999    2  278.150   51 1004.068    0
    0.000    0.000  999 9999  280.372   52 1008.470    0
    0.000    0.000  999    4  278.150   53  998.988    0
    2.572  180.000  999    0  278.706   47  998.988    0
    3.100  100.000  999    3  278.150   51 1010.000    0
1990   8  14    0   1990   8  15    0
    2.572  270.000  999    1  278.150   51 1004.406    0
    0.000    0.000  200 9999  279.261   53 1008.131    0
    2.058  180.000  150   10  277.039   60  998.988    0
    1.543  150.000  999    2  277.594   51  997.972    0
    3.100   90.000  999    3  277.050   57 1010.000    0
1990   8  15    0   1990   8  16    0
    1.543  280.000  999    3  277.039   53 1004.745    0
    0.000    0.000  200 9999  277.594   68 1008.470    0
    1.543  140.000  120   10  275.928   65  998.311    0
    2.572  150.000  200    5  277.039   53  998.311    0
    1.500   90.000  149    9  276.450   57 1010.000    0
1990   8  16    0   1990   8  17    0
    0.000    0.000  200    4  274.817   64 1004.406    0
    1.029  180.000  200 9999  274.817   64 1008.470    0
    2.058  150.000  120   10  275.372   64  998.311    0
    3.087  310.000  200    6  275.928   57  997.633    0
    2.100  130.000  149   10  275.350   62 1010.000    0
1990   8  17    0   1990   8  18    0
    2.572  160.000  200    4  272.039   78 1004.745    0
    0.514   40.000  200 9999  274.817   67 1007.793    0
    0.000    0.000  150   10  273.706   76  997.972    0
    2.572  150.000  250    6  273.150   72  997.295    0
    2.100   80.000  149   10  275.350   62 1009.000    0
1990   8  18    0   1990   8  19    0
    2.572  160.000  200    8  272.039   78 1004.745    0
    0.514   10.000  120 9999  273.150   72 1008.470    0
    1.543   80.000  150   10  272.594   82  997.295    0
    3.087   80.000  200    6  272.039   75  997.633    0
    1.500   90.000  149   10  274.850   62 1009.000    0
1990   8  19    0   1990   8  20    0
    0.000    0.000  999    4  270.928   85 1004.745    0
    0.514   10.000  200 9999  272.039   89 1007.454    0
    0.000    0.000  150   10  273.150   75  996.956    0
    2.572   40.000  200    6  271.483   82  996.956    0
    2.600   30.000  149    7  273.750   73 1009.000    0
1990   8  20    0   1990   8  21    0
    0.000    0.000  200    6  270.928   85 1004.406    0
    0.000    0.000  200 9999  273.150   82 1006.777    0
    0.000    0.000  150   10  273.150   79  996.617    0
    2.058   40.000  200    9  271.483   82  996.617    0
    2.100  360.000  149   10  273.750   79 1008.000    0
1990   8  21    0   1990   8  22    0
    0.000    0.000  200    6  270.928   85 1003.729    0
    0.000    0.000  150 9999  272.039   78 1006.438    0
    0.000    0.000  140   10  273.150   75  996.956    0
    2.058  100.000  200    9  270.928   82  996.956    0
    3.100  360.000  149   10  273.150   85 1008.000    0
1990   8  22    0   1990   8  23    0
    0.000    0.000  100    8  271.483   82 1003.390    0
    0.000    0.000   70 9999  271.483   85 1006.438    0
    1.543  330.000  140   10  272.594   82  995.940    0
    3.087  100.000  999    5  270.372   81  996.617    0
    3.100  350.000   20   10  273.750   82 1007.000    0
1990   8  23    0   1990   8  24    0
    0.000    0.000   90   10  271.483   82 1003.390    0
    0.000    0.000   70 9999  270.928   85 1006.438    0
    0.000    0.000  150   10  272.039   85  995.940    0
    3.087  250.000  999    3  270.372   81  996.279    0
    3.100  350.000  149   10  273.750   82 1007.000    0
1990   9   0    0   1990   9   1    0
    2.572  360.000   50   10  271.483   82 1002.374    0
    1.543   10.000   70 9999  273.150   82 1005.422    0
    0.000    0.000  150    8  272.039   82  995.940    0
    2.058  140.000  999    1  268.706   88  995.602    0
    2.600  320.000  149   10  273.750   82 1008.000    0
1990   9   1    0   1990   9   2    0
    2.572   10.000  150   10  271.483   78 1002.713    0
    2.058  350.000  200 9999  272.594   85 1006.099    0
    2.058  350.000   23    8  271.483   82  996.617    0
    2.058  210.000  999    2  268.706   88  995.602    0
    2.600  340.000  149   10  273.750   79 1007.000    0
1990   9   2    0   1990   9   3    0
    4.116   20.000  999    5  270.928   82 1002.374    0
    3.087   20.000  999 9999  272.594   79 1006.099    0
    0.000    0.000   16    9  269.817   88  996.956    0
    1.543   90.000  100    9  268.706   92  996.617    0
    2.100  340.000  999    2  272.550   82 1007.000    0
1990   9   3    0   1990   9   4    0
    2.572   30.000  120    4  270.372   85 1002.374    0
    0.000    0.000  999 9999  272.039   69 1006.099    0
    0.000    0.000  999    1  268.150   96  997.633    0
    4.630  150.000  110    6  271.483   78  996.617    0
    2.100  350.000  999    1  270.950   85 1007.000    0
1990   9   4    0   1990   9   5    0
    2.572  340.000  999    2  269.261   88 1003.052    0
    1.543   10.000  999 9999  271.483   69 1007.115    0
    0.000    0.000  999    0  267.594  100  998.311    0
    4.630  160.000  110    9  273.150   72  996.279    0
    2.100  310.000  999    2  270.950   82 1009.000    0
1990   9   5    0   1990   9   6    0
    2.058   30.000  999    3  268.706   96 1004.068    0
    0.000    0.000  999 9999  271.483   69 1007.454    0
    0.000    0.000  999    0  265.928   92  998.649    0
    7.717  170.000  100    9  273.706   73  996.617    0
    2.100  270.000  999    1  270.350   81 1009.000    0
1990   9   6    0   1990   9   7    0
    2.058   50.000  100    4  267.594  100 1004.745    0
    0.000    0.000  999 9999  269.261   88 1008.470    0
    0.000    0.000  999    0  265.372   92  999.665    0
    7.202  160.000  250    6  273.706   73  996.279    0
    2.100  280.000  999    2  269.850   88 1010.000    0
1990   9   7    0   1990   9   8    0
    1.543  310.000  999    1  267.039   96 1005.083    0
    0.000    0.000  999 9999  267.594   92 1009.824    0
    0.000    0.000  999    1  265.928   96 1000.004    0
    7.202  170.000  999    3  273.706   76  997.295    0
    1.500  310.000  999    3  269.250   85 1011.000    0
1990   9   8    0   1990   9   9    0
    0.000    0.000  999    0  268.706   85 1006.099    0
    0.000    0.000  999 9999  271.483   66 1010.163    0
    0.000    0.000  999    1  267.594   96 1001.358    0
    6.688  170.000  999    4  274.817   73  997.972    0
    1.500  320.000  999    0  272.050   75 1011.000    0
1990   9   9    0   1990   9  10    0
    0.000    0.000  999    1  269.817   85 1006.438    0
    0.000    0.000  999 9999  273.150   72 1010.502    0
    0.000    0.000  250    7  270.928   85 1001.697    0
    8.231  180.000  110    7  275.372   70  997.972    0
    1.000  130.000  999    0  274.250   64 1012.000    0
1990   9  10    0   1990   9  11    0
    0.000    0.000  999    0  272.039   75 1006.099    0
    1.543  170.000   40 9999  275.372   67 1010.840    0
    0.000    0.000  999    2  274.261   76 1000.681    0
    7.202  180.000  250    7  275.928   67  997.295    0
    3.100  150.000  999    3  275.950   59 1012.000    0
1990   9  11    0   1990   9  12    0
    1.029  100.000  999    1  275.928   57 1005.422    0
    2.058  180.000   19 9999  276.483   76 1010.163    0
    3.087  170.000  999    3  277.039   62  999.665    0
    6.688  170.000  120    7  276.483   65  996.617    0
    4.100  180.000  999    1  277.050   65 1011.000    0
1990   9  12    0   1990   9  13    0
    4.630  190.000  999    1  277.594   53 1004.745    0
    3.601  180.000  999 9999  278.706   86 1008.808    0
    3.087  170.000  999    3  278.706   55  998.988    0
    7.202  180.000  120    7  277.594   60  995.940    0
    5.200  160.000  250    5  277.050   70 1010.000    0
1990   9  13    0   1990   9  14    0
    4.630  190.000  100    8  277.039   60 1004.745    0
    4.116  190.000   80 9999  277.594   93 1009.486    0
    3.601  130.000  999    3  279.261   53  998.311    0
    7.202  170.000  120   10  277.594   60  995.940    0
    5.700  170.000  999    4  277.550   68 1010.000    0
1990   9  14    0   1990   9  15    0
    5.144  180.000   22    9  276.483   67 1005.083    0
    6.173  190.000  200 9999  277.594   93 1009.486    0
    3.087  160.000  120    9  278.706   55  998.649    0
    8.231  180.000  120   10  278.150   58  996.279    0
    6.200  170.000  140    7  277.050   70 1010.000    0
1990   9  15    0   1990   9  16    0
    5.144  170.000   24    8  277.039   67 1005.422    0
    5.144  180.000  100 9999  277.039   93 1009.147    0
    4.116  160.000  120   10  278.706   55  998.649    0
    6.688  170.000  120   10  278.150   58  996.279    0
    5.700  200.000  149    8  276.450   76 1010.000    0
1990   9  16    0   1990   9  17    0
    3.087  180.000   12    9  275.928   73 1005.083    0
    3.087  200.000   80 9999  276.483   82 1009.147    0
    4.116  160.000  120   10  278.150   60  997.972    0
    5.659  160.000  120   10  278.150   58  995.940    0
    4.100  190.000  109   10  275.950   79 1010.000    0
1990   9  17    0   1990   9  18    0
    3.601  160.000   12    6  275.928   82 1005.083    0
    1.543  170.000   80 9999  275.928   96 1008.470    0
    4.116  160.000  200   10  277.039   65  997.972    0
    5.144  170.000  120   10  277.594   60  995.940    0
    4.100  170.000  109   10  275.950   82 1010.000    0
1990   9  18    0   1990   9  19    0
    3.601  170.000   11    9  275.372   93 1005.083    0
    2.058  180.000   80 9999  277.039   93 1008.470    0
    3.601  160.000  200    7  275.928   73  997.633    0
    5.144  150.000  120   10  277.594   60  995.940    0
    5.200  170.000  109   10  276.450   79 1010.000    0
1990   9  19    0   1990   9  20    0
    3.601  180.000   10   10  275.928   82 1004.745    0
    3.087  210.000   80 9999  277.039   96 1008.470    0
    3.087  160.000  999    5  275.372   79  997.633    0
    5.659  150.000  120   10  277.594   62  995.602    0
    5.200  180.000  109   10  276.450   73 1009.000    0
1990   9  20    0   1990   9  21    0
    4.116  170.000   15   10  275.928   82 1004.068    0
    4.116  210.000   80 9999  277.039   93 1007.793    0
    3.087  140.000  140    5  275.372   79  997.295    0
    5.144  170.000  120   10  277.594   65  995.263    0
    4.600  200.000  149    7  275.950   82 1009.000    0
1990   9  21    0   1990   9  22    0
    3.087  190.000   15   10  275.928   93 1003.729    1
    5.144  200.000   80 9999  276.483   86 1007.454    0
    1.543  180.000  999    2  273.706   89  997.972    0
    5.659  160.000  120   10  277.594   65  994.586    0
    4.600  190.000  149    8  275.950   82 1009.000    0
1990   9  22    0   1990   9  23    0
    2.572  170.000   11   10  275.928   93 1003.052    0
    5.144  200.000  999 9999  275.928   86 1006.777    0
    0.000    0.000  120    9  273.150   92  996.956    0
    6.688  150.000  120   10  277.039   67  993.908    0
    3.600  200.000  999    0  274.850   85 1009.000    0
1990   9  23    0   1990   9  24    0
    2.572  170.000   10   10  275.928   93 1002.374    0
    5.144  200.000   80 9999  275.372   93 1006.438    0
    2.572  170.000   46   10  273.706   89  996.617    0
    4.116  170.000  120   10  275.928   73  992.892    0
    3.100  190.000  149    6  274.250   82 1008.000    0
1990  10   0    0   1990  10   1    0
    4.116  170.000   11   10  275.928   93 1001.697    0
    5.144  200.000  999 9999  275.372   93 1005.761    0
    3.087  160.000  999    4  273.706   89  995.602    0
    4.630  160.000  999    4  275.928   70  992.554    0
    3.600  200.000  999    1  274.850   79 1007.000    0
1990  10   1    0   1990  10   2    0
    4.116  180.000   15    9  275.928   93 1001.697    0
    4.630  190.000  999 9999  275.372   93 1005.083    0
    2.058  160.000   13   10  274.261   89  994.924    0
    5.144  160.000  999    4  276.483   70  991.876    0
    2.100  200.000  999    1  274.250   92 1006.000    0
1990  10   2    0   1990  10   3    0
    3.087  180.000   15    9  275.372   93 1000.681    0
    4.116  190.000   15 9999  273.150   92 1004.406    0
    2.058  120.000   11   10  274.261   92  993.908    0
    4.630  160.000  999    4  276.483   73  991.199    0
    3.600  180.000   17   10  275.950   82 1006.000    0
1990  10   3    0   1990  10   4    0
    4.116  180.000    7   10  275.372   93 1000.004    0
    5.144  180.000   12 9999  276.483   93 1003.052    0
    2.572  130.000    7   10  274.817   89  992.892    0
    3.601  150.000  999    5  275.928   76  990.183    0
    3.600  180.000    7   10  276.450   79 1005.000    0
1990  10   4    0   1990  10   5    0
    2.058  200.000    7   10  275.928   93  999.327    0
    3.087  190.000   12 9999  276.483   93 1002.374    0
    2.058  120.000    3   10  274.817   89  991.538   13
    5.659  150.000  120   10  276.483   76  989.506    0
    3.100  200.000    7   10  277.050   76 1003.000    0
1990  10   5    0   1990  10   6    0
    2.572  190.000    6   10  275.928   93  998.649    0
    1.543  190.000    9 9999  276.483   89 1001.358    0
    0.000    0.000    3   10  275.372   85  990.522   13
    3.087  100.000  100   10  275.372   79  989.506    0
    2.100  100.000    6   10  276.450   62 1002.000    0
1990  10   6    0   1990  10   7    0
    3.087  200.000    4   10  276.483  100  997.972    0
    2.058  160.000    3 9999  277.039   93 1000.681    0
    0.000    0.000    4   10  274.261   92  989.845   13
    2.572  110.000  100   10  274.817   82  989.167    0
    2.600  120.000    4   10  277.050   93 1002.000   13
1990  10   7    0   1990  10   8    0
    0.000    0.000    3   10  276.483  100  997.295    0
    0.000    0.000    2 9999  277.594  100  999.327    0
    1.543  320.000    2   10  274.261   89  988.829   13
    3.087  100.000  100   10  275.372   79  988.829    0
    3.100  110.000    0   10  277.050   76 1000.000   13
1990  10   8    0   1990  10   9    0
    2.572   40.000    2   10  276.483   93  996.279    0
    1.029   90.000    2 9999  277.594   93  998.311   13
    2.572  310.000    2   10  274.261   89  988.490   13
    3.087  310.000   30   10  275.372   82  989.167    1
    2.600   80.000    0   10  277.550  100  999.000   13
1990  10   9    0   1990  10  10    0
    2.572   40.000    3   10  277.039   93  994.924    0
    1.029   90.000    2 9999  277.594   93  996.956    0
    2.058  340.000    3   10  274.261   89  987.474   13
    3.601  310.000   20   10  274.817   82  989.167   19
    4.600   90.000    0   10  277.550  100  998.000    0
1990  10  10    0   1990  10  11    0
    2.058   40.000    1   10  277.039   93  993.231    0
    1.029  350.000    1 9999  277.594   93  995.940    0
    2.572  340.000    3   10  274.261   89  986.797    4
    3.087  340.000    9   10  274.261   92  988.490   19
    4.100  350.000    0   10  276.450  100  997.000    1
1990  10  11    0   1990  10  12    0
    2.572   10.000    1   10  276.483  100  991.199   13
    2.058  330.000    1 9999  278.150   96  993.570    1
    2.572  360.000    3   10  274.817   89  985.104   13
    4.116  310.000    3   10  274.261   92  987.813   19
    4.100  330.000    2   10  275.950  100  995.000   13
1990  10  12    0   1990  10  13    0
    3.601   20.000    1   10  276.483  100  989.167   13
    3.087  340.000    2 9999  276.483   96  992.554    0
    2.572  280.000    2   10  274.817   92  984.426    1
    4.630  290.000    2   10  273.706   96  987.136   19
    5.700  320.000    3   10  275.350   96  994.000    1
1990  10  13    0   1990  10  14    0
    4.630   10.000    1   10  275.928  100  988.151   13
    3.601  350.000    3 9999  275.372   96  992.215    0
    1.543  310.000    5   10  275.928   73  984.088    0
    4.116  340.000    2   10  273.706   96  987.136    0
    4.100  330.000    3   10  275.350   96  994.000    1
1990  10  14    0   1990  10  15    0
    4.116   30.000    1   10  276.483  100  987.474   13
    4.116  340.000    3 9999  275.372   96  991.538    0
    2.572  310.000   15   10  275.928   73  983.749    0
    5.144  310.000    1   10  273.150   96  987.813    0
    3.600  340.000    4   10  275.950   93  993.000    1
1990  10  15    0   1990  10  16    0
    5.144  100.000    1   10  275.928  100  987.474   13
    3.087  350.000    5 9999  274.817   96  992.215    1
    0.000    0.000  100    8  275.928   82  984.088    0
    4.630  330.000    1   10  273.150  100  988.151    0
    3.600  330.000    8    9  275.950   93  994.000    0
1990  10  16    0   1990  10  17    0
    5.144  100.000    2   10  275.372  100  987.474   13
    2.572  340.000    6 9999  274.817   96  992.554    0
    4.630  300.000  999    3  275.928   96  984.426    0
    5.659  310.000    1   10  273.150   96  988.829    0
    3.600  330.000   49    8  275.950   93  994.000    0
1990  10  17    0   1990  10  18    0
    5.144   10.000    5   10  275.372  100  987.136   13
    3.087  350.000  100 9999  275.372   93  992.554    0
    4.116  290.000  999    2  275.372   89  984.765    0
    7.717  310.000    1   10  272.594   96  989.506   19
    5.200  280.000   55    8  275.350   93  994.000    0
1990  10  18    0   1990  10  19    0
    6.173   10.000    6   10  275.372  100  987.474   13
    2.058  300.000   12 9999  275.372   96  992.892    0
    4.630  320.000  250    5  275.372   93  985.781    0
    6.688  310.000    8   10  272.594   96  990.861   19
    4.100  280.000   20   10  275.950   89  995.000    0
1990  10  19    0   1990  10  20    0
    4.630  330.000    7   10  274.817  100  988.151    0
    4.116  320.000   15 9999  275.372   96  993.570    1
    4.116  310.000  999    5  274.817   92  986.120    0
    5.659  310.000    9   10  272.594   92  992.215   19
    3.100  280.000   28   10  275.950   93  995.000   13
1990  10  20    0   1990  10  21    0
    6.173  360.000   12   10  274.817   92  988.829    0
    3.087  330.000   15 9999  274.817   96  994.586    1
    3.601  320.000  999    5  275.372   89  987.136    0
    6.173  330.000   13   10  271.483   89  993.231   19
    5.200  290.000   60    8  275.350   93  996.000    0
1990  10  21    0   1990  10  22    0
    3.087  350.000   12   10  274.261   92  990.522   13
    3.087  310.000   20 9999  274.817   96  994.924    1
    2.572  300.000   25   10  275.928   86  987.813    0
    4.630  330.000   13   10  271.483   96  993.570   19
    4.100  290.000  140    7  275.350   93  997.000    0
1990  10  22    0   1990  10  23    0
    5.659  320.000    7   10  274.261   92  990.183   19
    1.543  300.000   20 9999  274.817   96  995.263    1
    7.202  310.000   27   10  275.928   82  988.151    0
    3.087  330.000   19   10  271.483   82  993.570   19
    3.600  280.000  140    5  275.350   93  997.000    0
1990  10  23    0   1990  10  24    0
    5.144  320.000    8   10  273.150   92  990.522   19
    3.087  320.000   20 9999  274.817   82  995.602    0
    4.116  310.000  999    3  275.372   79  988.490    0
    2.058   10.000   29   10  271.483   82  992.892    0
    2.600  250.000  999    2  274.250   96  997.000    0
1990  11   0    0   1990  11   1    0
    5.144  330.000   11   10  272.594   89  990.861   19
    0.000    0.000   25 9999  274.817   85  995.602    0
    7.202  300.000  999    3  274.817   82  988.829    0
    2.058  330.000   28   10  271.483   82  993.231    0
    5.200  310.000  999    0  274.850   85  997.000    0
1990  11   1    0   1990  11   2    0
    3.087  330.000   11    9  272.039   85  992.215    0
    1.029  330.000   80 9999  274.261   85  996.956    0
    6.173  300.000   25    7  274.817   76  990.183    0
    2.058   40.000   23   10  271.483   82  993.570    0
    4.600  310.000  999    1  274.250   85  999.000    0
1990  11   2    0   1990  11   3    0
    2.572  310.000  999    3  270.928   89  992.892    0
    2.572  340.000  999 9999  273.706   79  997.972    0
    4.630  310.000   25    7  274.817   73  991.538    0
    2.058   40.000   16   10  271.483   85  993.908   19
    5.200  300.000  999    0  274.250   82 1000.000    0
1990  11   3    0   1990  11   4    0
    2.058  320.000  999    3  269.817   81  993.908    0
    4.116  330.000  999 9999  272.594   82  998.988    0
    6.173  310.000   55    8  274.261   73  991.876    0
    1.543  350.000   15   10  271.483   85  994.247   19
    2.600  290.000  999    0  273.750   85 1001.000    0
1990  11   4    0   1990  11   5    0
    2.572  310.000  999    2  267.594   81  994.924    0
    3.087  340.000  999 9999  272.039   78 1000.004    0
    4.630  310.000   55   10  274.261   73  991.876    0
    1.543   40.000   17   10  271.483   85  994.247    0
    2.100  270.000  999    0  273.150   79 1001.000    0
1990  11   5    0   1990  11   6    0
    2.058  310.000  999    0  266.483   81  996.279    0
    1.029  360.000  999 9999  270.928   82 1000.004    0
    5.144  320.000   42   10  274.261   73  992.554    0
    2.058   90.000   28   10  270.928   92  993.570    0
    2.600  280.000  999    0  272.550   75 1002.000    0
1990  11   6    0   1990  11   7    0
    0.000    0.000  999    0  265.928   81  996.617    0
    0.000    0.000  999 9999  270.372   78 1001.020    0
    3.601  310.000   40   10  274.261   73  992.892    0
    2.572   90.000   28   10  271.483   92  993.231    0
    2.600  270.000  999    1  272.550   82 1002.000    0
1990  11   7    0   1990  11   8    0
    0.000    0.000  999    1  265.372   77  996.956    0
    0.000    0.000  999 9999  270.928   78 1002.374    0
    0.000    0.000   40   10  273.706   79  992.892    0
    3.601  170.000   25   10  271.483   89  992.892    0
    1.500  270.000  999    2  271.450   92 1003.000    0
1990  11   8    0   1990  11   9    0
    3.087  320.000  999    2  266.483   81  998.311    0
    1.029   30.000  999 9999  272.039   75 1002.374    0
    0.000    0.000   40   10  274.261   79  993.231    0
    4.116  160.000  250    5  271.483   85  991.876    0
    1.500  110.000  999    2  273.150   89 1003.000    0
1990  11   9    0   1990  11  10    0
    2.572  350.000  999    2  268.150   68  998.649    0
    3.087   50.000  200 9999  272.594   75 1002.036    0
    2.572  150.000   45   10  274.817   76  992.554    0
    3.601  120.000  200    9  273.150   82  990.861    0
    2.600  120.000  169    7  274.250   79 1003.000    0
1990  11  10    0   1990  11  11    0
    2.058   20.000  999    2  269.817   72  996.956    0
    1.029  100.000  200 9999  272.594   75 1002.036    0
    2.058  180.000  200   10  275.928   67  991.538    0
    8.231  150.000  100   10  274.261   79  989.167    0
    2.100  180.000  250    9  274.850   79 1002.000    0
1990  11  11    0   1990  11  12    0
    2.572  330.000  999    3  270.928   75  995.263    0
    2.058  140.000  200 9999  273.150   75 1000.342    0
    4.116  210.000   35   10  275.928   65  989.845    0
    7.717  150.000   70   10  274.817   79  987.474    0
    3.600  130.000  999    4  275.950   70 1002.000    0
1990  11  12    0   1990  11  13    0
    1.543  330.000  999    3  271.483   75  994.924    0
    3.087  150.000  200 9999  273.150   75  999.327    0
    4.116  180.000   35   10  275.928   70  988.829    0
    7.717  140.000   30   10  274.261   82  985.442   19
    3.600  120.000   37    9  275.350   70 1000.000    0
1990  11  13    0   1990  11  14    0
    0.000    0.000  250    6  271.483   75  994.586    0
    3.087  150.000   30 9999  272.594   75  998.311    0
    3.087  150.000   28   10  275.928   73  987.474   19
    6.688  150.000   30   10  274.817   76  983.072   19
    3.600   90.000   35   10  274.850   76  999.000    0
1990  11  14    0   1990  11  15    0
    0.000    0.000  120    7  271.483   69  994.586    0
    3.087  120.000   30 9999  272.039   75  997.633    0
    5.144  180.000   25   10  274.817   82  986.797   19
    6.173  140.000   11   10  274.261   85  981.717   19
    4.600  170.000   33   10  275.950   73  998.000    0
1990  11  15    0   1990  11  16    0
    2.572  120.000  100   10  271.483   72  993.570    0
    2.572  130.000   30 9999  272.039   75  996.956    0
    3.601  160.000    7   10  273.706   92  985.781   19
    5.144  150.000    7   10  273.706   89  980.363   19
    6.200  170.000   35   10  275.350   82  997.000    0
1990  11  16    0   1990  11  17    0
    3.601  140.000   30   10  271.483   75  993.231    0
    1.543  130.000   14 9999  272.039   75  995.940   19
    3.087  150.000    8   10  273.706   96  984.765    0
   10.289  180.000    7   10  274.817   76  980.363   19
    6.700  190.000   16   10  274.850   79  997.000   19
1990  11  17    0   1990  11  18    0
    2.572  140.000   20   10  271.483   75  992.892   19
    5.144  190.000    4 9999  272.594   89  995.602   19
    4.630  170.000    8   10  273.706   96  983.749    0
    9.260  170.000    7   10  274.261   79  980.363    1
    5.200  180.000   16   10  274.850   89  996.000    0
1990  11  18    0   1990  11  19    0
    6.688  130.000   15   10  270.372   92  992.554   19
    4.116  170.000    8 9999  274.817   76  994.586    0
    3.601  180.000    8   10  274.261   92  983.749    0
    8.231  160.000   60   10  274.261   85  980.363   19
    5.200  180.000   13   10  275.350   82  995.000    0
1990  11  19    0   1990  11  20    0
    7.717  100.000   10   10  269.817   96  991.538   19
    4.630  180.000   14 9999  274.817   79  993.570    0
    4.116  140.000    8   10  274.261   89  982.733   19
    8.231  160.000   60   10  274.261   85  979.685   19
    6.700  180.000   95   10  275.950   79  995.000    0
1990  11  20    0   1990  11  21    0
    8.231  110.000   11   10  270.372   92  990.861   19
    5.144  190.000   16 9999  275.372   73  992.215    0
    3.087  170.000    8   10  273.706   96  982.056   19
    8.745  160.000   40   10  274.261   85  979.685   19
    6.700  180.000   19   10  275.950   82  994.000    4
1990  11  21    0   1990  11  22    0
    7.717  110.000    5   10  270.928   96  988.829   19
    5.144  200.000    7 9999  274.817  100  990.861    1
    2.058  170.000    8   10  273.706   96  981.379    0
    7.717  160.000  999    5  274.261   89  979.347   19
    5.200  180.000    7   10  275.950   79  992.000    4
1990  11  22    0   1990  11  23    0
    8.231  130.000    6   10  272.594   96  986.797    0
    4.116  210.000    7 9999  274.817  100  989.845    1
    3.601  170.000   17   10  273.706   96  981.040    0
    6.688  160.000  999    5  273.706   89  978.670   19
    5.700  200.000    7   10  275.950   82  992.000    4
1990  11  23    0   1990  11  24    0
    2.572  130.000    5   10  273.706   96  985.442   19
    4.116  210.000   25 9999  274.817   96  989.167    0
    3.601  180.000  999    1  273.150   96  980.024    0
    6.688  170.000   60    7  274.261   85  978.331   19
    3.600  220.000   95   10  275.350   76  991.000    0
1990  12   0    0   1990  12   1    0
    2.058  180.000    5   10  274.261   96  984.765    1
    2.058  190.000    8 9999  274.817   92  988.829    0
    2.572  200.000  999    0  272.039  100  979.685    0
    7.202  180.000   35   10  273.706   92  977.654   19
    3.600  220.000  999    0  274.250   79  990.000    0
1990  12   1    0   1990  12   2    0
    0.000    0.000   18    9  274.261   96  984.088    0
    2.058  210.000    7 9999  273.150   96  988.490    0
    0.000    0.000  999    1  271.483  100  979.347    0
    5.144  180.000   60   10  273.706   85  977.654    0
    2.600  220.000  999    0  273.750   92  990.000    0
1990  12   2    0   1990  12   3    0
    0.000    0.000   20    5  274.817   92  983.749    0
    3.087  230.000  999 9999  272.594   96  987.813    0
    1.543  180.000  999    1  270.928  100  979.685    0
    5.659  170.000   65   10  273.150   85  977.315    0
    2.600  240.000  999    0  273.150   96  990.000    0
1990  12   3    0   1990  12   4    0
    0.000    0.000   18    7  273.150   92  983.410    0
    2.572  210.000  999 9999  272.594   96  987.474    0
    2.058  190.000  999    0  271.483   92  979.008    0
    5.659  170.000   70   10  273.150   79  977.654    0
    2.600  230.000  999    0  272.550   89  989.000    0
1990  12   4    0   1990  12   5    0
    0.000    0.000   12    8  273.150   96  983.072    0
    2.572  210.000  999 9999  272.594   92  987.136    0
    2.572  210.000  999    2  271.483   85  978.670    0
    6.173  170.000   50   10  273.150   82  977.654    0
    3.600  240.000  999    0  272.050   85  989.000    0
1990  12   5    0   1990  12   6    0
    0.000    0.000   12    8  273.706   89  983.410    0
    3.601  200.000  999 9999  270.928   96  987.813    0
    0.000    0.000  150    5  269.817   92  979.008    0
    7.202  160.000   70   10  273.150   79  977.315    0
    3.600  220.000  999    0  272.550   85  989.000    0
1990  12   6    0   1990  12   7    0
    0.000    0.000   11   10  273.706   85  983.410    0
    2.058  240.000  100 9999  272.594   92  987.813    0
    2.572  200.000  150    6  269.817   96  978.670    0
    5.659  170.000   45   10  273.150   79  977.315    0
    3.600  210.000  999    2  271.450   92  989.000    0
1990  12   7    0   1990  12   8    0
    0.000    0.000   11   10  273.150   89  982.733    0
    2.572  230.000  100 9999  270.928   92  987.813    0
    2.058  200.000  150    6  269.817   96  978.670    0
    7.202  160.000  100   10  273.150   82  977.315    0
    3.100  230.000  109    6  272.050   82  989.000    0
1990  12   8    0   1990  12   9    0
    0.000    0.000   13   10  272.594   92  982.733    0
    3.601  230.000  100 9999  272.594   85  987.813    0
    0.000    0.000  150    9  273.150   79  979.347    0
    7.202  170.000   40   10  273.150   82  977.654    0
    2.600  250.000  109   10  272.550   92  990.000    0
1990  12   9    0   1990  12  10    0
    0.000    0.000   14   10  272.039   92  982.733    0
    1.029  220.000  100 9999  273.150   92  987.813    0
    3.087  250.000  999    3  274.817   73  979.347    0
    5.659  160.000   85    8  273.706   82  978.331    0
    2.600  240.000  999    4  273.150   85  989.000    0
1990  12  10    0   1990  12  11    0
    0.000    0.000   10   10  272.594   92  982.056   19
    1.029  240.000  200 9999  275.372   76  987.813    0
    4.116  270.000  250    7  276.483   57  979.008    0
    6.173  200.000   85   10  274.261   70  978.670    0
    4.100  240.000  250    5  275.350   73  989.000    0
1990  12  11    0   1990  12  12    0
    1.029  280.000    7   10  273.150   89  981.717   19
    4.116  270.000  200 9999  277.594   60  986.458    0
    4.116  260.000   35   10  273.150   79  979.347    0
    5.144  190.000   70   10  274.261   67  978.331    0
    4.100  240.000  250    5  276.450   65  988.000    0
1990  12  12    0   1990  12  13    0
    1.543  280.000   15    8  273.706   89  981.379    0
    5.144  240.000  999 9999  277.594   60  986.458    0
    7.202  250.000  999    4  274.817   54  978.670    0
    6.688  240.000   70   10  274.261   54  978.670    0
    6.200  260.000  999    3  277.550   57  988.000    0
1990  12  13    0   1990  12  14    0
    1.543  280.000  999    4  275.372   79  981.717    0
    5.144  260.000   20 9999  278.150   55  986.120    0
    5.659  270.000  100    7  274.817   52  979.008    0
    3.087  200.000   45   10  273.706   61  979.347    0
    7.200  260.000  100    5  277.550   53  988.000    0
1990  12  14    0   1990  12  15    0
    0.000    0.000  999    3  274.817   82  982.056    0
    4.116  250.000  200 9999  276.483   57  986.120    0
    5.659  290.000  999    3  275.372   50  979.685    0
    4.116  170.000   70   10  273.706   73  980.024    0
    7.200  250.000   95    5  277.050   55  989.000    0
1990  12  15    0   1990  12  16    0
    0.000    0.000  999    2  274.817   85  982.395    0
    4.116  260.000   30 9999  276.483   60  987.474    0
    6.173  260.000  999    4  274.261   52  980.363    0
    5.659  210.000   33   10  273.706   61  981.040   19
    6.200  260.000  999    3  275.950   55  990.000    0
1990  12  16    0   1990  12  17    0
    0.000    0.000  120    6  273.706   89  983.072    0
    2.572  230.000   30 9999  275.372   59  988.490    0
    3.601  290.000  999    3  273.150   56  981.040    0
    4.116  230.000   37   10  272.594   82  981.717   19
    7.200  260.000  109    7  274.850   62  990.000    0
1990  12  17    0   1990  12  18    0
    0.000    0.000   50   10  273.150   89  983.410    0
    3.601  240.000   30 9999  273.706   73  989.506    0
    3.087  290.000  999    2  272.594   59  981.717    0
    3.601  210.000   60   10  272.594   82  982.056   19
    6.200  260.000  999    2  274.250   57  991.000    0
1990  12  18    0   1990  12  19    0
    2.572  240.000   45   10  273.150   89  983.749    0
    3.601  270.000  999 9999  273.706   79  990.183    0
    3.087  270.000  999    0  272.039   61  982.733    0
    3.087  210.000   40   10  272.594   75  983.072   19
    3.100  270.000  999    1  273.750   59  992.000    0
1990  12  19    0   1990  12  20    0
    2.572  250.000   50   10  273.150   85  984.426    0
    1.543  240.000   80 9999  273.150   79  990.861    0
    2.058  250.000  999    3  271.483   66  983.072    0
    5.144  240.000   40   10  272.594   72  983.410   19
    3.100  260.000  999    5  273.150   61  992.000    0
1990  12  20    0   1990  12  21    0
    3.087  260.000   80    9  272.594   89  985.104    0
    1.029  280.000   20 9999  272.594   82  991.199    0
    3.087  230.000  999    4  271.483   61  983.749    0
    6.173  250.000   60   10  272.594   69  984.426   19
    5.200  250.000  999    3  272.550   64  993.000    0
1990  12  21    0   1990  12  22    0
    2.572  350.000  120    7  272.039   89  985.781    0
    1.029  260.000  999 9999  272.039   82  991.199    0
    2.058  240.000  999    4  270.928   66  984.088    0
    6.688  270.000   60   10  272.039   64  985.442   19
    4.100  270.000  999    4  272.050   69  993.000    0
1990  12  22    0   1990  12  23    0
    0.000    0.000   80    8  272.039   78  985.781    0
    2.058  250.000  999 9999  270.928   78  991.876    0
    3.601  290.000  999    2  270.928   66  984.088    0
    6.173  250.000   60   10  270.372   63  986.797   19
    5.200  260.000  999    3  272.050   66  993.000    0
1990  12  23    0   1990  12  24    0
    3.601  300.000  100    7  271.483   75  985.781    0
    0.000    0.000  999 9999  270.372   75  992.215    0
    2.058  190.000  999    5  269.817   72  984.765    0
    6.688  270.000   30   10  269.261   63  987.813   19
    4.100  270.000  999    5  272.050   66  993.000    0
1990  13   0    0   1990  13   1    0
    2.058  300.000  999    4  270.928   75  986.458    0
    1.543  240.000  999 9999  270.372   75  992.215    0
    4.116  280.000  100    9  270.928   69  985.104    0
    7.717  270.000   30   10  268.150   68  988.490   19
    4.600  280.000  999    3  271.450   72  994.000    0
1990  13   1    0   1990  13   2    0
    0.000    0.000  999    4  269.817   85  987.136    0
    2.058  240.000  999 9999  269.817   88  993.231    0
    5.144  290.000  100    8  270.928   66  985.781    0
    6.173  270.000   20   10  267.039   85  989.845   19
    4.600  270.000  999    2  271.450   75  995.000    0
1990  13   2    0   1990  13   3    0
    0.000    0.000   40    8  269.261   85  988.151    0
    1.543  260.000   20 9999  269.817   88  993.570    0
    6.173  300.000  999    4  270.372   72  986.797    0
    7.202  270.000   15   10  266.483   92  990.861   19
    3.600  260.000  999    1  270.950   75  995.000    0
1990  13   3    0   1990  13   4    0
    0.000    0.000   50   10  269.261   85  988.490    0
    1.029  180.000   20 9999  269.261   88  994.247    0
    5.144  310.000  999    0  269.261   66  987.813    0
    5.659  280.000    9   10  265.928   92  992.554   19
    4.600  280.000  999    0  270.950   72  996.000    0
1990  13   4    0   1990  13   5    0
    0.000    0.000   40   10  269.817   81  989.167    0
    1.029  220.000   20 9999  270.372   85  995.263    0
    4.116  300.000   35    8  269.261   63  988.829    0
    8.231  300.000   25   10  265.928   65  993.570   19
    4.100  280.000  999    1  270.950   72  997.000    0
1990  13   5    0   1990  13   6    0
    2.058  290.000   25   10  269.817   81  990.522    0
    4.116  310.000  999 9999  270.928   85  996.617    0
    5.144  300.000   32   10  269.261   66  990.183    0
    7.717  290.000   45   10  265.372   68  994.924   19
    2.600  280.000  999    1  270.350   69  998.000    0
1990  13   6    0   1990  13   7    0
    2.058  330.000   20   10  270.372   85  991.876   19
    2.572  320.000  999 9999  269.817   78  997.972    0
    6.173  330.000  999    2  268.150   60  991.538    0
    7.717  300.000   28   10  264.261   68  996.279   19
    2.100  300.000  999    0  269.850   66 1000.000    0
1990  13   7    0   1990  13   8    0
    6.688  340.000   40    6  270.372   66  993.570    0
    4.630  330.000  999 9999  268.150   85  999.327    0
    6.173  310.000  999    1  267.594   55  993.231    0
    5.144  300.000   32   10  263.706   64  997.972   19
    5.200  300.000  999    0  269.850   60 1001.000    0
1990  13   8    0   1990  13   9    0
    6.173  290.000  200    5  269.817   69  994.924    0
    4.630  330.000  999 9999  270.372   53 1000.342    0
    8.231  310.000  999    4  267.594   55  993.908    0
    7.717  300.000   36    8  263.150   61  999.327    0
    5.700  310.000  999    1  270.350   51 1002.000    0
1990  13   9    0   1990  13  10    0
    5.144  300.000  999    4  270.372   61  995.602    0
    5.144  330.000  999 9999  271.483   47 1002.036    0
    9.774  310.000  999    3  267.039   57  994.586    0
    6.173  300.000   47   10  263.150   61 1000.681    0
    6.200  330.000  999    1  270.950   51 1003.000    0
1990  13  10    0   1990  13  11    0
    6.688  290.000   70    7  270.372   58  996.279    0
    5.144  330.000  999 9999  271.483   47 1002.036    0
    7.717  320.000  999    4  268.150   53  995.263    0
    4.630  360.000  110    6  262.594   70 1001.020    0
    5.200  320.000  999    1  272.050   47 1004.000    0
1990  13  11    0   1990  13  12    0
    7.717  300.000   25    7  269.261   60  996.617    0
    5.659  320.000  999 9999  270.372   45 1001.697    0
    6.173  320.000  999    5  268.706   50  995.263    0
    5.144  310.000  999    2  264.261   59 1000.342    0
    5.700  320.000  999    1  271.450   45 1004.000    0
1990  13  12    0   1990  13  13    0
    6.173  300.000  150    5  268.706   58  996.617    0
    7.202  320.000  999 9999  270.928   43 1002.036    0
    7.717  330.000  999    2  268.150   53  995.263    0
    6.688  330.000  999    2  264.261   54 1000.681    0
    5.200  310.000  999    0  271.450   41 1004.000    0
1990  13  13    0   1990  13  14    0
    5.144  300.000  200    6  268.706   55  997.295    0
    5.144  320.000  999 9999  269.817   46 1003.052    0
    6.173  320.000  999    0  269.261   48  995.602    0
    5.659  320.000  999    1  263.706   56 1001.697    0
    4.600  330.000  999    0  272.050   41 1004.000    0
1990  13  14    0   1990  13  15    0
    6.173  300.000  999    4  268.150   55  997.633    0
    5.144  330.000  999 9999  269.817   44 1004.068    0
    8.231  310.000  999    0  269.261   44  996.617    0
    8.231  310.000  999    1  264.817   49 1002.036    0
    7.200  310.000  999    0  272.050   39 1005.000    0
1990  13  15    0   1990  13  16    0
    5.144  300.000  999    4  267.594   55  998.649    0
    6.173  310.000  999 9999  269.261   42 1004.406    0
    3.601  270.000  999    0  268.706   44  997.972    0
    7.717  280.000  999    5  264.261   47 1003.052    0
    5.200  290.000  999    0  270.350   37 1006.000    0
1990  13  16    0   1990  13  17    0
    5.144  310.000  999    0  265.372   65 1000.004    0
    6.173  310.000  999 9999  268.150   50 1005.422    0
    6.173  290.000  999    0  267.594   46  999.327    0
    7.202  270.000  110    5  263.150   51 1004.406    0
    5.700  280.000  999    0  268.750   44 1008.000    0
1990  13  17    0   1990  13  18    0
    6.173  310.000  999    0  264.261   65 1001.358    0
    5.144  310.000  999 9999  266.483   47 1006.777    0
    6.688  310.000  999    0  267.039   48 1000.342    0
    6.688  270.000  100    5  262.594   53 1006.099    0
    5.200  300.000  999    0  268.150   42 1009.000    0
1990  13  18    0   1990  13  19    0
    3.601  290.000  999    0  262.594   67 1002.713    0
    5.144  300.000  999 9999  265.928   50 1007.454    0
    6.173  290.000  999    0  266.483   45 1001.020    0
    6.173  290.000  100    5  262.039   56 1006.438    0
    5.200  280.000  999    0  267.550   42 1010.000    0
1990  13  19    0   1990  13  20    0
    6.688  310.000  999    0  260.928   70 1003.390    0
    6.173  330.000  999 9999  265.372   47 1008.470    0
    8.231  300.000  999    0  265.928   41 1001.697    0
    8.231  320.000  999    5  261.483   61 1006.438    0
    5.200  290.000  999    0  266.450   43 1011.000    0
1990  13  20    0   1990  13  21    0
    4.630  310.000  999    1  260.372   70 1004.068    0
    6.173  310.000  999 9999  265.372   47 1008.808    0
    6.688  310.000  999    0  264.817   47 1002.713    0
    6.173  310.000  999    0  261.483   64 1006.438    0
    5.200  310.000  999    0  265.950   43 1012.000    0
1990  13  21    0   1990  13  22    0
    6.173  310.000  999    5  259.817   66 1004.745    0
   10.803  320.000  999 9999  263.150   56 1010.163    0
    6.173  310.000  999    0  263.706   49 1003.052    0
    7.202  270.000   60    7  262.594   61 1007.115   28
    3.100  290.000  999    0  264.850   49 1012.000    0
1990  13  22    0   1990  13  23    0
    3.087  310.000  999    1  258.706   63 1005.422    0
   10.289  300.000  999 9999  262.594   56 1010.840    0
    5.659  290.000  999    0  263.150   51 1003.390    0
    5.144  340.000   24   10  260.372   80 1007.793   28
    6.700  300.000  999    0  263.750   42 1013.000    0
1990  13  23    0   1990  13  24    0
    2.572  280.000  999    1  258.150   63 1005.761    0
    4.630  320.000  999 9999  261.483   58 1011.518    0
    4.630  300.000  999    0  262.039   56 1004.406    0
    8.231  320.000   70    6  259.261   66 1008.131   28
    5.200  300.000  999    0  263.150   42 1014.000    0
1990  14   0    0   1990  14   1    0
    5.144  280.000  999    1  258.706   63 1005.761    0
    2.572  300.000  999 9999  260.372   34 1012.872    0
    3.087  340.000  999    0  261.483   58 1004.745    0
    6.173  310.000   70   10  258.706   69 1009.147    0
    8.200  300.000  999    0  262.550   44 1014.000    0
1990  14   1    0   1990  14   2    0
    2.572  270.000  999    0  258.150   63 1006.777    0
    1.029  230.000  999 9999  260.928   32 1013.888    0
    3.601  320.000  999    1  261.483   61 1005.761    0
    4.116  310.000   50   10  258.706   63 1009.824    0
    4.100  270.000  999    0  262.050   48 1015.000    0
1990  14   2    0   1990  14   3    0
    2.058  290.000  999    0  258.150   63 1007.793    0
    1.029  290.000  999 9999  260.928   39 1013.888    0
    5.144  310.000  999    1  261.483   61 1006.099    0
    4.630  310.000   60    7  259.261   63 1010.502    0
    4.100  290.000  999    0  262.550   44 1016.000    0
1990  14   3    0   1990  14   4    0
    2.572  290.000  999    0  257.039   60 1008.470    0
    0.000    0.000  999 9999  261.483   42 1014.565    0
    7.202  330.000  999    2  260.928   61 1007.793    0
    5.659  330.000  999    4  258.706   69 1011.179    0
    4.100  250.000  999    0  261.450   50 1016.000    0
1990  14   4    0   1990  14   5    0
    4.116  300.000  999    0  257.039   60 1008.808    0
    3.087  310.000  999 9999  260.372   45 1015.581    0
    5.144  310.000  999    1  259.817   60 1008.808    0
    6.688  340.000   50    6  258.150   73 1012.534    0
    6.200  270.000  999    0  261.450   50 1017.000    0
1990  14   5    0   1990  14   6    0
    2.572  310.000  999    0  256.483   60 1010.163    0
    4.116  310.000  999 9999  259.261   58 1017.274    0
    6.173  330.000  999    0  259.817   55 1010.163    0
    7.717  310.000  999    2  257.039   69 1013.888    0
    8.200  310.000  999    0  260.950   34 1019.000    0
1990  14   6    0   1990  14   7    0
    2.058  310.000  999    0  255.928   56 1011.856    0
    2.058  320.000  999 9999  259.261   58 1017.952    0
    6.173  330.000  999    0  258.706   57 1011.179    0
    4.630  310.000  999    0  256.483   66 1014.904    0
    7.200  280.000  999    0  259.850   37 1020.000    0
1990  14   7    0   1990  14   8    0
    0.000    0.000  999    0  255.372   59 1012.872    0
    4.116  290.000  999 9999  259.817   55 1019.306    0
    4.116  340.000  999    0  258.706   57 1012.534    0
    3.087  340.000  999    0  255.928   69 1016.597    0
    6.200  290.000  999    0  259.850   41 1021.000    0
1990  14   8    0   1990  14   9    0
    2.058  290.000  999    0  257.594   60 1013.888    0
    5.144  290.000  999 9999  259.261   43 1019.984    0
    6.688  320.000  999    0  259.817   55 1012.534    0
    5.659  340.000  999    1  257.039   60 1017.613    0
    5.700  310.000  999    0  260.950   38 1022.000    0
1990  14   9    0   1990  14  10    0
    4.116  310.000  999    0  258.150   57 1014.904    0
    4.116  320.000  999 9999  260.928   58 1021.000    0
    5.144  320.000  999    0  260.928   48 1013.549    0
    5.144  310.000  999    1  257.594   52 1018.290    0
    5.700  320.000  999    0  262.050   34 1023.000    0
1990  14  10    0   1990  14  11    0
    4.116  340.000  999    0  259.817   48 1014.904    0
    3.601  280.000  999 9999  262.594   56 1021.677    0
    7.202  310.000  999    0  262.594   40 1013.549    0
    2.572   30.000  999    0  258.706   47 1018.629    0
    6.200  320.000  999    0  263.150   35 1024.000    0
1990  14  11    0   1990  14  12    0
    5.144  320.000  999    0  260.928   41 1014.904    0
    5.144  270.000  999 9999  264.261   68 1021.338    0
    6.173  320.000  999    0  263.706   37 1013.549    0
    5.144  360.000  999    1  259.261   41 1018.290    0
    4.100  310.000  999    0  264.850   28 1024.000    0
1990  14  12    0   1990  14  13    0
    6.173  320.000  999    0  262.039   36 1015.243    0
    5.144  300.000  999 9999  264.817   68 1022.015    0
    6.173  320.000  999    0  264.817   32 1013.549    0
    2.572   50.000  999    1  260.928   39 1017.952    0
    3.100  360.000  999    0  266.450   28 1024.000    0
1990  14  13    0   1990  14  14    0
    5.144  340.000  999    0  262.594   36 1015.920    0
    5.144  280.000  999 9999  267.039   60 1022.354    0
    4.630  310.000  999    0  265.372   28 1014.227    0
    4.116   30.000  999    2  260.372   37 1017.952    0
    2.100  340.000  999    0  267.050   28 1024.000    0
1990  14  14    0   1990  14  15    0
    5.144  330.000  999    0  262.594   36 1016.936    0
    5.659  280.000  999 9999  266.483   62 1022.693    0
    4.630  300.000  999    0  265.372   32 1014.904    0
    2.572   90.000  999    1  260.928   36 1017.952    0
    4.600  250.000  999    0  266.450   30 1025.000    0
1990  14  15    0   1990  14  16    0
    2.572  320.000  999    0  262.594   36 1018.290    0
    5.144  300.000  999 9999  265.928   62 1024.047    0
    3.601  340.000  999    2  265.372   31 1015.581    0
    2.572   80.000  999    2  260.372   39 1017.952    0
    4.100  250.000  999    0  266.450   30 1025.000    0
1990  14  16    0   1990  14  17    0
    2.572  340.000  999    0  260.372   48 1019.306    0
    2.572  310.000  999 9999  264.261   77 1024.386    0
    2.572  360.000  999    1  263.706   35 1015.581    0
    2.058   80.000  999    3  259.817   41 1017.952    0
    4.100  260.000  999    1  264.850   35 1026.000    0
1990  14  17    0   1990  14  18    0
    2.058  330.000  999    0  259.261   45 1020.322    0
    2.058  320.000  999 9999  262.039   73 1025.063    0
    3.087  320.000  999    1  263.150   38 1016.259    0
    1.543   70.000  999    5  258.706   55 1017.952    0
    3.600  260.000  999    1  264.250   37 1026.000    0
1990  14  18    0   1990  14  19    0
    2.572  340.000  999    0  258.706   43 1021.000    0
    1.029  330.000  999 9999  261.483   70 1025.402    0
    2.572  340.000  999    4  263.150   36 1016.597    0
    2.058   90.000  999    5  258.706   60 1018.290    0
    2.600  270.000  999    1  263.150   42 1027.000    0
1990  14  19    0   1990  14  20    0
    4.630  320.000  999    0  258.706   41 1021.677    0
    1.029   20.000  999 9999  261.483   70 1026.079    0
    2.572  330.000  250    7  262.594   44 1016.936    0
    2.572   80.000  999    3  258.706   63 1018.290    0
    3.100  250.000  999    1  263.150   46 1028.000    0
1990  14  20    0   1990  14  21    0
    3.087  320.000  999    0  257.594   38 1023.031    0
    0.000    0.000  999 9999  260.928   53 1026.756    0
    2.058  350.000  250    6  262.594   44 1017.613    0
    2.058   70.000  250    7  259.261   63 1018.290    0
    3.100  270.000  999    4  262.550   48 1029.000    0
1990  14  21    0   1990  14  22    0
    3.087  350.000  999    0  257.039   40 1023.370    0
    0.000    0.000  999 9999  259.817   48 1027.434    0
    0.000    0.000  100    8  262.594   48 1017.613    0
    2.572   60.000  110    7  259.817   58 1017.952    0
    0.000    0.000  999    4  262.050   44 1029.000    0
1990  14  22    0   1990  14  23    0
    0.000    0.000  999    1  256.483   57 1024.047    0
    0.000    0.000  999 9999  259.817   48 1027.434    0
    0.000    0.000  250    7  262.594   48 1017.613    0
    2.572  110.000  100   10  260.928   53 1017.613    0
    2.100  340.000  200    7  262.050   53 1029.000    0
1990  14  23    0   1990  14  24    0
    0.000    0.000  999    1  254.261   87 1024.047    0
    0.000    0.000  200 9999  259.817   48 1027.772    0
    0.000    0.000  100   10  263.150   46 1017.613    0
    2.058   90.000  100   10  261.483   55 1017.274    0
    2.100  340.000  999    4  262.050   56 1029.000    0
