LNEMARB.DAT     2.1             Comments, times with seconds, time zone, coord info
   1
Test Example
UTM
  19N        
NAS-C   02-21-2003  
  KM
UTC-0500
1988   1   0  0000  1988 366  24 0000
   2   1
'SO2'
64.
7  6
'Line_Source_1'  'Line_Source_2'
1988  01  00  0000  1988  01  06  3600
1
2  500.  22.  18.  3.2  22.  100.
'Line_Source_1'     1.  3.     1.5  3.     22.  0.  1.3
'Line_Source_2'     1.  3.022  1.5  3.022  22.  0.  3.1
1988  01  07  0000  1988  01  12  3600
1
2  500.  22.  18.  3.2  22.  300.
'Line_Source_1'     1.  3.     1.5  3.     22.  0.  2.3
'Line_Source_2'     1.  3.022  1.5  3.022  22.  0.  2.3
1988  01  13  0000  1988  02  02  3600
1
2  500.  22.  18.  3.2  22.  150.
'Line_Source_1'     1.  3.     1.5  3.     22.  0.  1.3
'Line_Source_2'     1.  3.022  1.5  3.022  22.  0.  3.1
1988  02  03  0000  1988 366  23  3600
1
2  500.  22.  18.  3.2  22.  150.
'Line_Source_1'     1.  3.     1.5  3.     22.  0.  1.3
'Line_Source_2'     1.  3.022  1.5  3.022  22.  0.  3.1
