VOLEMARB.DAT    2.1             Comments, times with seconds, time zone, coord info
   1
Example using Lambert Conformal coordinates
LCC     
44.0N           80.0W           30.0N           60.0N           
 0.00000000E+00 0.00000000E+00
WGS-84  02-21-2003  
  KM
UTC-0500
1988  11  00  0000  1988  11  24 0000
   3   2
'POL1'    'POL2'
      30.000      30.000
'Source 1'      0
'Source 2'      0
'Source 3'      0
   1988  011   00  0000   1988  011   00  3600
'Source 1'  151.034  4661.448 10.0   110.8  14.6  2.4   0.468814E+01  0.202236E+02
'Source 2'  151.652  4661.412  7.0   115.8  10.6  3.9   610.          120.
'Source 3'  151.111  4661.374  9.0   121.2  10.0  10.0  0.468814E+01  0.202236E+02
   1988  011   01  0000   1988  011   01  3600
'Source 1'  151.034  4661.448 10.0   110.8  14.6  2.4   0.449538E+01  0.204942E+02
'Source 2'  151.652  4661.412  7.0   115.8  10.6  3.9   0.0           0.0
'Source 3'  151.115  4661.374  9.0   121.2  10.0  10.0  0.468814E+01  0.202236E+02
   1988  011   02  0000   1988  011   02  3600
'Source 1'  151.034  4661.448 10.0   110.8  14.6  2.4   0.449753E+01  0.204895E+02
'Source 2'  151.652  4661.412  7.0   115.8  10.6  3.9   0.0           0.0
'Source 3'  151.120  4661.374  9.0   121.2  10.0  10.0  0.468814E+01  0.202236E+02
   1988  011   03  0000   1988  011   22  3600
'Source 1'  151.034  4661.448 10.0   110.8  14.6  2.4   0.430570E+01  0.207542E+02
'Source 2'  151.652  4661.412  7.0   115.8  10.6  3.9   0.0           0.0
'Source 3'  151.131  4661.374  9.0   121.2  10.0  10.0  0.468814E+01  0.202236E+02
   1988  011   23  0000   1988  011   23  3600
   1988012       0   1988012       0
'Source 1'  151.034  4661.448 10.0   110.8  14.6  2.4   0.553510E+01  0.189712E+02
'Source 2'  151.652  4661.412  7.0   115.8  10.6  3.9   610.          120.
'Source 3'  151.131  4661.374  9.0   121.2  10.0  10.0  0.468814E+01  0.202236E+02
