              3D.DAT Grid Points
      X           Y        Longitude    Latitude
    (km)        (km)        (deg E)     (deg N)
     -79.847     -54.141     -78.012      18.996
     -70.751     -54.383     -77.925      18.995
     -61.643     -54.631     -77.839      18.993
     -52.547     -54.874     -77.752      18.992
     -43.450     -55.124     -77.666      18.991
     -34.342     -55.380     -77.579      18.989
     -25.245     -55.631     -77.493      18.988
     -16.147     -55.878     -77.407      18.986
      -7.049     -56.130     -77.320      18.985
       2.048     -56.389     -77.234      18.983
      11.157     -56.643     -77.147      18.981
      20.255     -56.893     -77.061      18.979
      29.353     -57.148     -76.975      18.978
      38.452     -57.410     -76.888      18.976
      47.550     -57.667     -76.802      18.974
      56.650     -57.931     -76.715      18.972
      65.749     -58.189     -76.629      18.970
      74.848     -58.443     -76.543      18.968
      83.948     -58.714     -76.456      18.966
      93.049     -58.970     -76.370      18.963
     102.148     -59.242     -76.283      18.961
     111.249     -59.499     -76.197      18.959
     120.349     -59.774     -76.111      18.957
     129.440     -60.043     -76.024      18.954
     138.542     -60.308     -75.938      18.952
     147.643     -60.578     -75.852      18.949
     156.745     -60.845     -75.765      18.947
     165.836     -61.117     -75.679      18.944
     174.939     -61.396     -75.592      18.941
     184.042     -61.670     -75.506      18.939
     193.135     -61.939     -75.420      18.936
     202.238     -62.215     -75.333      18.933
     211.331     -62.496     -75.247      18.930
     220.436     -62.773     -75.161      18.927
     229.529     -63.045     -75.074      18.925
     238.624     -63.324     -74.988      18.922
     247.729     -63.609     -74.902      18.919
     256.824     -63.889     -74.815      18.915
     265.920     -64.175     -74.729      18.912
     275.015     -64.457     -74.643      18.909
     284.122     -64.744     -74.556      18.906
     293.218     -65.028     -74.470      18.902
     302.316     -65.317     -74.384      18.899
     311.413     -65.602     -74.297      18.896
     320.511     -65.893     -74.211      18.892
     329.608     -66.179     -74.125      18.889
     338.707     -66.471     -74.038      18.885
     347.796     -66.759     -73.952      18.881
     -79.599     -45.099     -78.010      19.077
     -70.497     -45.341     -77.924      19.076
     -61.395     -45.589     -77.837      19.075
     -52.303     -45.832     -77.751      19.074
     -43.200     -46.081     -77.664      19.072
     -34.097     -46.326     -77.578      19.071
     -24.994     -46.577     -77.492      19.069
     -15.891     -46.835     -77.405      19.068
      -6.798     -47.087     -77.319      19.066
       2.306     -47.335     -77.232      19.065
      11.410     -47.589     -77.146      19.063
      20.514     -47.849     -77.059      19.061
      29.607     -48.105     -76.973      19.059
      38.711     -48.367     -76.886      19.057
      47.816     -48.624     -76.800      19.056
      56.910     -48.876     -76.713      19.054
      66.015     -49.145     -76.627      19.052
      75.110     -49.399     -76.540      19.049
      84.215     -49.670     -76.454      19.047
      93.311     -49.925     -76.368      19.045
     102.417     -50.198     -76.281      19.043
     111.512     -50.455     -76.195      19.041
     120.619     -50.729     -76.108      19.038
     129.716     -50.998     -76.022      19.036
     138.812     -51.263     -75.935      19.034
     147.919     -51.533     -75.849      19.031
     157.017     -51.799     -75.762      19.028
     166.114     -52.072     -75.676      19.026
     175.212     -52.350     -75.590      19.023
     184.310     -52.624     -75.503      19.021
     193.418     -52.893     -75.417      19.018
     202.517     -53.168     -75.330      19.015
     211.617     -53.450     -75.244      19.012
     220.716     -53.727     -75.158      19.009
     229.816     -53.999     -75.071      19.006
     238.905     -54.288     -74.985      19.003
     248.006     -54.562     -74.898      19.000
     257.107     -54.842     -74.812      18.997
     266.207     -55.128     -74.726      18.994
     275.309     -55.409     -74.639      18.991
     284.400     -55.697     -74.553      18.987
     293.503     -55.980     -74.466      18.984
     302.606     -56.269     -74.380      18.981
     311.698     -56.553     -74.294      18.977
     320.802     -56.844     -74.207      18.974
     329.895     -57.141     -74.121      18.970
     339.000     -57.422     -74.035      18.967
     348.094     -57.720     -73.948      18.963
     -79.352     -36.046     -78.009      19.159
     -70.255     -36.298     -77.923      19.158
     -61.157     -36.535     -77.836      19.157
     -52.048     -36.790     -77.749      19.155
     -42.951     -37.039     -77.663      19.154
     -33.842     -37.284     -77.576      19.153
     -24.743     -37.535     -77.490      19.151
     -15.645     -37.792     -77.403      19.149
      -6.536     -38.044     -77.317      19.148
       2.563     -38.292     -77.230      19.146
      11.662     -38.546     -77.144      19.145
      20.761     -38.806     -77.057      19.143
      29.871     -39.062     -76.971      19.141
      38.971     -39.312     -76.884      19.139
      48.071     -39.569     -76.798      19.137
      57.171     -39.832     -76.711      19.135
      66.271     -40.091     -76.625      19.133
      75.371     -40.355     -76.538      19.131
      84.483     -40.615     -76.452      19.129
      93.584     -40.881     -76.365      19.127
     102.685     -41.143     -76.279      19.125
     111.786     -41.410     -76.192      19.122
     120.878     -41.684     -76.106      19.120
     129.979     -41.942     -76.019      19.118
     139.082     -42.218     -75.933      19.115
     148.185     -42.489     -75.846      19.113
     157.288     -42.754     -75.760      19.110
     166.390     -43.027     -75.673      19.108
     175.494     -43.305     -75.587      19.105
     184.588     -43.579     -75.500      19.102
     193.691     -43.847     -75.414      19.100
     202.796     -44.122     -75.327      19.097
     211.891     -44.404     -75.241      19.094
     220.995     -44.680     -75.154      19.091
     230.091     -44.963     -75.068      19.088
     239.197     -45.242     -74.981      19.085
     248.292     -45.515     -74.895      19.082
     257.388     -45.806     -74.809      19.079
     266.495     -46.080     -74.722      19.076
     275.592     -46.362     -74.636      19.072
     284.689     -46.649     -74.549      19.069
     293.798     -46.943     -74.463      19.066
     302.895     -47.220     -74.377      19.062
     311.994     -47.516     -74.290      19.059
     321.093     -47.806     -74.204      19.055
     330.192     -48.092     -74.117      19.052
     339.292     -48.384     -74.031      19.048
     348.391     -48.671     -73.945      19.045
     -79.115     -27.004     -78.008      19.241
     -70.012     -27.245     -77.921      19.240
     -60.909     -27.493     -77.835      19.239
     -51.805     -27.736     -77.748      19.237
     -42.701     -27.986     -77.661      19.236
     -33.597     -28.241     -77.575      19.234
     -24.493     -28.492     -77.488      19.233
     -15.389     -28.738     -77.402      19.231
      -6.285     -28.991     -77.315      19.230
       2.820     -29.249     -77.229      19.228
      11.925     -29.503     -77.142      19.226
      21.019     -29.752     -77.055      19.225
      30.124     -30.008     -76.969      19.223
      39.229     -30.269     -76.882      19.221
      48.335     -30.526     -76.796      19.219
      57.431     -30.789     -76.709      19.217
      66.537     -31.047     -76.622      19.215
      75.643     -31.312     -76.536      19.213
      84.739     -31.572     -76.449      19.211
      93.845     -31.838     -76.363      19.209
     102.942     -32.099     -76.276      19.206
     112.050     -32.366     -76.190      19.204
     121.156     -32.629     -76.103      19.202
     130.254     -32.898     -76.017      19.199
     139.352     -33.173     -75.930      19.197
     148.460     -33.433     -75.843      19.194
     157.558     -33.709     -75.757      19.192
     166.667     -33.981     -75.670      19.189
     175.766     -34.249     -75.584      19.187
     184.865     -34.533     -75.497      19.184
     193.965     -34.802     -75.411      19.181
     203.064     -35.077     -75.324      19.178
     212.175     -35.358     -75.238      19.176
     221.275     -35.634     -75.151      19.173
     230.376     -35.917     -75.065      19.170
     239.477     -36.195     -74.978      19.167
     248.579     -36.468     -74.892      19.164
     257.681     -36.759     -74.805      19.160
     266.782     -37.033     -74.719      19.157
     275.875     -37.326     -74.632      19.154
     284.978     -37.602     -74.546      19.151
     294.081     -37.895     -74.459      19.147
     303.185     -38.173     -74.373      19.144
     312.279     -38.468     -74.286      19.141
     321.383     -38.758     -74.200      19.137
     330.488     -39.043     -74.114      19.134
     339.583     -39.335     -74.027      19.130
     348.689     -39.633     -73.941      19.126
     -78.868     -17.951     -78.007      19.323
     -69.759     -18.192     -77.920      19.322
     -60.660     -18.440     -77.833      19.320
     -51.551     -18.683     -77.747      19.319
     -42.452     -18.932     -77.660      19.318
     -33.343     -19.188     -77.573      19.316
     -24.243     -19.439     -77.487      19.315
     -15.133     -19.685     -77.400      19.313
      -6.034     -19.937     -77.313      19.312
       3.077     -20.196     -77.227      19.310
      12.177     -20.449     -77.140      19.308
      21.277     -20.710     -77.053      19.306
      30.388     -20.965     -76.967      19.305
      39.488     -21.215     -76.880      19.303
      48.589     -21.483     -76.794      19.301
      57.690     -21.735     -76.707      19.299
      66.802     -22.004     -76.620      19.297
      75.904     -22.257     -76.534      19.295
      85.005     -22.528     -76.447      19.292
      94.108     -22.783     -76.360      19.290
     103.209     -23.055     -76.274      19.288
     112.312     -23.322     -76.187      19.286
     121.425     -23.585     -76.101      19.284
     130.528     -23.854     -76.014      19.281
     139.632     -24.118     -75.927      19.279
     148.725     -24.388     -75.841      19.276
     157.828     -24.665     -75.754      19.274
     166.933     -24.937     -75.668      19.271
     176.037     -25.204     -75.581      19.268
     185.142     -25.477     -75.494      19.266
     194.248     -25.757     -75.408      19.263
     203.342     -26.031     -75.321      19.260
     212.448     -26.312     -75.235      19.257
     221.554     -26.589     -75.148      19.254
     230.651     -26.860     -75.062      19.251
     239.758     -27.149     -74.975      19.248
     248.865     -27.422     -74.888      19.245
     257.961     -27.701     -74.802      19.242
     267.069     -27.987     -74.715      19.239
     276.168     -28.278     -74.629      19.236
     285.266     -28.554     -74.542      19.233
     294.375     -28.848     -74.456      19.229
     303.474     -29.136     -74.369      19.226
     312.573     -29.420     -74.283      19.222
     321.673     -29.710     -74.196      19.219
     330.773     -29.995     -74.110      19.215
     339.884     -30.286     -74.023      19.212
     348.986     -30.584     -73.937      19.208
     -78.621      -8.898     -78.005      19.405
     -69.517      -9.139     -77.919      19.403
     -60.412      -9.387     -77.832      19.402
     -51.308      -9.641     -77.745      19.401
     -42.203      -9.890     -77.659      19.399
     -33.098     -10.135     -77.572      19.398
     -23.993     -10.386     -77.485      19.396
     -14.888     -10.643     -77.398      19.395
      -5.783     -10.895     -77.312      19.393
       3.323     -11.142     -77.225      19.392
      12.429     -11.396     -77.138      19.390
      21.535     -11.656     -77.052      19.388
      30.641     -11.911     -76.965      19.386
      39.747     -12.172     -76.878      19.384
      48.854     -12.429     -76.791      19.382
      57.960     -12.692     -76.705      19.381
      67.057     -12.950     -76.618      19.378
      76.164     -13.214     -76.532      19.376
      85.271     -13.474     -76.445      19.374
      94.379     -13.739     -76.358      19.372
     103.477     -14.000     -76.271      19.370
     112.585     -14.268     -76.185      19.368
     121.694     -14.530     -76.098      19.365
     130.792     -14.799     -76.011      19.363
     139.901     -15.074     -75.925      19.360
     148.999     -15.344     -75.838      19.358
     158.109     -15.609     -75.752      19.355
     167.209     -15.881     -75.665      19.353
     176.319     -16.159     -75.578      19.350
     185.419     -16.432     -75.492      19.347
     194.520     -16.700     -75.405      19.345
     203.631     -16.986     -75.318      19.342
     212.732     -17.256     -75.232      19.339
     221.833     -17.532     -75.145      19.336
     230.935     -17.814     -75.059      19.333
     240.037     -18.092     -74.972      19.330
     249.140     -18.376     -74.885      19.327
     258.253     -18.655     -74.799      19.324
     267.346     -18.940     -74.712      19.321
     276.449     -19.221     -74.626      19.317
     285.553     -19.507     -74.539      19.314
     294.658     -19.800     -74.452      19.311
     303.763     -20.089     -74.366      19.307
     312.868     -20.372     -74.279      19.304
     321.974     -20.662     -74.192      19.301
     331.068     -20.947     -74.106      19.297
     340.175     -21.238     -74.019      19.293
     349.282     -21.536     -73.933      19.290
     -78.374       0.155     -78.004      19.486
     -69.274      -0.098     -77.917      19.485
     -60.164      -0.334     -77.830      19.484
     -51.054      -0.588     -77.744      19.483
     -41.954      -0.838     -77.657      19.481
     -32.843      -1.082     -77.570      19.480
     -23.733      -1.333     -77.483      19.478
     -14.632      -1.589     -77.397      19.477
      -5.521      -1.842     -77.310      19.475
       3.580      -2.089     -77.223      19.473
      12.691      -2.354     -77.136      19.472
      21.792      -2.602     -77.050      19.470
      30.904      -2.857     -76.963      19.468
      40.006      -3.119     -76.876      19.466
      49.107      -3.375     -76.789      19.464
      58.220      -3.638     -76.703      19.462
      67.322      -3.896     -76.616      19.460
      76.425      -4.160     -76.529      19.458
      85.538      -4.419     -76.442      19.456
      94.641      -4.685     -76.356      19.454
     103.744      -4.946     -76.269      19.452
     112.858      -5.213     -76.182      19.449
     121.962      -5.486     -76.096      19.447
     131.065      -5.755     -76.009      19.445
     140.169      -6.019     -75.922      19.442
     149.274      -6.289     -75.836      19.440
     158.379      -6.565     -75.749      19.437
     167.484      -6.836     -75.662      19.434
     176.590      -7.103     -75.575      19.432
     185.696      -7.376     -75.489      19.429
     194.802      -7.655     -75.402      19.426
     203.908      -7.930     -75.315      19.424
     213.005      -8.210     -75.229      19.421
     222.112      -8.486     -75.142      19.418
     231.220      -8.768     -75.055      19.415
     240.327      -9.046     -74.969      19.412
     249.424      -9.329     -74.882      19.409
     258.533      -9.608     -74.795      19.406
     267.642      -9.893     -74.709      19.402
     276.741     -10.174     -74.622      19.399
     285.840     -10.460     -74.535      19.396
     294.951     -10.742     -74.449      19.393
     304.051     -11.030     -74.362      19.389
     313.162     -11.324     -74.275      19.386
     322.263     -11.614     -74.189      19.382
     331.363     -11.899     -74.102      19.379
     340.465     -12.190     -74.016      19.375
     349.578     -12.487     -73.929      19.371
     -78.127       9.207     -78.003      19.568
     -69.022       8.966     -77.916      19.567
     -59.917       8.718     -77.829      19.566
     -50.811       8.464     -77.742      19.564
     -41.706       8.215     -77.656      19.563
     -32.590       7.971     -77.569      19.562
     -23.483       7.720     -77.482      19.560
     -14.377       7.463     -77.395      19.558
      -5.271       7.212     -77.308      19.557
       3.836       6.964     -77.221      19.555
      12.942       6.700     -77.135      19.553
      22.049       6.451     -77.048      19.552
      31.156       6.196     -76.961      19.550
      40.264       5.935     -76.874      19.548
      49.371       5.679     -76.787      19.546
      58.479       5.416     -76.701      19.544
      67.587       5.158     -76.614      19.542
      76.695       4.894     -76.527      19.540
      85.803       4.635     -76.440      19.538
      94.912       4.369     -76.353      19.536
     104.010       4.098     -76.267      19.533
     113.119       3.831     -76.180      19.531
     122.229       3.568     -76.093      19.529
     131.339       3.300     -76.006      19.526
     140.438       3.036     -75.920      19.524
     149.548       2.767     -75.833      19.521
     158.649       2.490     -75.746      19.519
     167.760       2.219     -75.659      19.516
     176.860       1.941     -75.573      19.514
     185.972       1.669     -75.486      19.511
     195.073       1.401     -75.399      19.508
     204.185       1.115     -75.312      19.505
     213.287       0.846     -75.226      19.503
     222.390       0.559     -75.139      19.500
     231.503       0.288     -75.052      19.497
     240.606       0.011     -74.965      19.494
     249.710      -0.272     -74.879      19.490
     258.814      -0.562     -74.792      19.487
     267.928      -0.836     -74.705      19.484
     277.033      -1.127     -74.618      19.481
     286.138      -1.413     -74.532      19.478
     295.243      -1.695     -74.445      19.474
     304.349      -1.983     -74.358      19.471
     313.445      -2.277     -74.272      19.467
     322.552      -2.566     -74.185      19.464
     331.659      -2.851     -74.098      19.460
     340.765      -3.142     -74.012      19.457
     349.873      -3.439     -73.925      19.453
     -77.881      18.260     -78.001      19.650
     -68.780      18.018     -77.915      19.649
     -59.669      17.771     -77.828      19.647
     -50.558      17.517     -77.741      19.646
     -41.447      17.268     -77.654      19.645
     -32.346      17.024     -77.567      19.643
     -23.234      16.773     -77.480      19.642
     -14.122      16.516     -77.393      19.640
      -5.021      16.264     -77.307      19.639
       4.092      16.017     -77.220      19.637
      13.204      15.753     -77.133      19.635
      22.306      15.504     -77.046      19.633
      31.419      15.250     -76.959      19.632
      40.521      14.989     -76.872      19.630
      49.634      14.732     -76.785      19.628
      58.737      14.470     -76.699      19.626
      67.851      14.212     -76.612      19.624
      76.954      13.948     -76.525      19.622
      86.069      13.678     -76.438      19.620
      95.173      13.424     -76.351      19.618
     104.277      13.152     -76.264      19.615
     113.392      12.885     -76.177      19.613
     122.497      12.623     -76.091      19.611
     131.601      12.355     -76.004      19.608
     140.707      12.080     -75.917      19.606
     149.823      11.811     -75.830      19.603
     158.928      11.546     -75.743      19.601
     168.034      11.275     -75.657      19.598
     177.141      10.997     -75.570      19.595
     186.248      10.724     -75.483      19.593
     195.355      10.445     -75.396      19.590
     204.462      10.171     -75.309      19.587
     213.570       9.891     -75.223      19.584
     222.679       9.616     -75.136      19.581
     231.787       9.334     -75.049      19.578
     240.885       9.057     -74.962      19.575
     249.995       8.774     -74.875      19.572
     259.104       8.495     -74.789      19.569
     268.214       8.211     -74.702      19.566
     277.314       7.930     -74.615      19.563
     286.424       7.644     -74.528      19.559
     295.525       7.352     -74.442      19.556
     304.637       7.064     -74.355      19.553
     313.738       6.781     -74.268      19.549
     322.850       6.492     -74.181      19.546
     331.953       6.197     -74.095      19.542
     341.055       5.906     -74.008      19.538
     350.169       5.621     -73.921      19.535
     -77.644      27.312     -78.000      19.732
     -68.528      27.071     -77.913      19.731
     -59.422      26.823     -77.826      19.729
     -50.316      26.581     -77.739      19.728
     -41.198      26.331     -77.652      19.727
     -32.091      26.076     -77.565      19.725
     -22.985      25.826     -77.479      19.724
     -13.867      25.569     -77.392      19.722
      -4.760      25.317     -77.305      19.720
       4.348      25.070     -77.218      19.719
      13.455      24.817     -77.131      19.717
      22.563      24.558     -77.044      19.715
      31.671      24.303     -76.957      19.713
      40.789      24.042     -76.870      19.712
      49.898      23.786     -76.783      19.710
      59.007      23.523     -76.696      19.708
      68.116      23.266     -76.609      19.706
      77.225      23.002     -76.522      19.704
      86.334      22.743     -76.436      19.701
      95.443      22.478     -76.349      19.699
     104.543      22.206     -76.262      19.697
     113.653      21.940     -76.175      19.695
     122.764      21.678     -76.088      19.692
     131.874      21.410     -76.001      19.690
     140.985      21.135     -75.914      19.688
     150.086      20.865     -75.827      19.685
     159.197      20.601     -75.741      19.683
     168.309      20.330     -75.654      19.680
     177.421      20.053     -75.567      19.677
     186.523      19.780     -75.480      19.674
     195.637      19.501     -75.393      19.672
     204.739      19.227     -75.306      19.669
     213.853      18.947     -75.219      19.666
     222.956      18.672     -75.133      19.663
     232.070      18.390     -75.046      19.660
     241.174      18.114     -74.959      19.657
     250.278      17.830     -74.872      19.654
     259.393      17.552     -74.785      19.651
     268.498      17.268     -74.698      19.648
     277.604      16.977     -74.612      19.644
     286.710      16.691     -74.525      19.641
     295.816      16.410     -74.438      19.638
     304.924      16.122     -74.351      19.634
     314.031      15.829     -74.264      19.631
     323.138      15.540     -74.178      19.627
     332.246      15.256     -74.091      19.624
     341.355      14.965     -74.004      19.620
     350.463      14.669     -73.917      19.617
     -77.398      36.375     -77.999      19.814
     -68.287      36.123     -77.912      19.812
     -59.174      35.876     -77.825      19.811
     -50.062      35.633     -77.738      19.810
     -40.950      35.384     -77.651      19.808
     -31.838      35.129     -77.564      19.807
     -22.725      34.879     -77.477      19.805
     -13.623      34.633     -77.390      19.804
      -4.510      34.381     -77.303      19.802
       4.603      34.123     -77.216      19.801
      13.717      33.870     -77.129      19.799
      22.820      33.611     -77.042      19.797
      31.933      33.356     -76.955      19.795
      41.047      33.095     -76.868      19.793
      50.151      32.839     -76.781      19.792
      59.265      32.577     -76.694      19.789
      68.369      32.320     -76.607      19.788
      77.484      32.056     -76.520      19.785
      86.599      31.797     -76.433      19.783
      95.704      31.532     -76.346      19.781
     104.819      31.260     -76.259      19.779
     113.925      30.994     -76.173      19.777
     123.030      30.732     -76.086      19.774
     132.147      30.464     -75.999      19.772
     141.253      30.190     -75.912      19.769
     150.359      29.920     -75.825      19.767
     159.477      29.656     -75.738      19.764
     168.583      29.385     -75.651      19.762
     177.691      29.108     -75.564      19.759
     186.799      28.836     -75.477      19.756
     195.907      28.557     -75.390      19.753
     205.015      28.283     -75.303      19.751
     214.124      28.003     -75.216      19.748
     223.233      27.728     -75.130      19.745
     232.342      27.447     -75.043      19.742
     241.452      27.170     -74.956      19.739
     250.562      26.887     -74.869      19.736
     259.673      26.598     -74.782      19.733
     268.784      26.314     -74.695      19.729
     277.895      26.034     -74.608      19.726
     286.996      25.749     -74.521      19.723
     296.108      25.456     -74.434      19.719
     305.220      25.169     -74.348      19.716
     314.323      24.887     -74.261      19.713
     323.436      24.598     -74.174      19.709
     332.539      24.303     -74.087      19.706
     341.653      24.013     -74.000      19.702
     350.757      23.717     -73.913      19.698
     -77.152      45.428     -77.998      19.896
     -68.034      45.186     -77.910      19.894
     -58.927      44.939     -77.824      19.893
     -49.809      44.685     -77.736      19.892
     -40.702      44.436     -77.649      19.890
     -31.594      44.192     -77.562      19.889
     -22.477      43.942     -77.475      19.887
     -13.368      43.686     -77.388      19.886
      -4.260      43.434     -77.301      19.884
       4.858      43.176     -77.214      19.882
      13.967      42.923     -77.127      19.881
      23.076      42.675     -77.040      19.879
      32.195      42.409     -76.953      19.877
      41.305      42.159     -76.866      19.875
      50.414      41.893     -76.779      19.873
      59.523      41.630     -76.692      19.871
      68.633      41.373     -76.605      19.869
      77.743      41.110     -76.518      19.867
      86.864      40.851     -76.431      19.865
      95.974      40.586     -76.344      19.863
     105.085      40.314     -76.257      19.861
     114.196      40.059     -76.170      19.858
     123.307      39.787     -76.083      19.856
     132.419      39.519     -75.996      19.854
     141.520      39.245     -75.909      19.851
     150.633      38.975     -75.822      19.849
     159.745      38.711     -75.735      19.846
     168.857      38.440     -75.648      19.844
     177.971      38.163     -75.561      19.841
     187.074      37.891     -75.474      19.838
     196.187      37.613     -75.387      19.835
     205.301      37.339     -75.300      19.833
     214.405      37.059     -75.213      19.830
     223.520      36.784     -75.126      19.827
     232.625      36.503     -75.039      19.824
     241.740      36.216     -74.952      19.821
     250.845      35.944     -74.866      19.818
     259.961      35.655     -74.779      19.814
     269.068      35.371     -74.692      19.811
     278.174      35.092     -74.605      19.808
     287.292      34.806     -74.518      19.805
     296.399      34.514     -74.431      19.801
     305.506      34.227     -74.344      19.798
     314.614      33.945     -74.257      19.795
     323.723      33.645     -74.170      19.791
     332.832      33.362     -74.083      19.787
     341.941      33.072     -73.996      19.784
     351.051      32.776     -73.909      19.780
     -76.906      54.491     -77.996      19.977
     -67.793      54.239     -77.909      19.976
     -58.680      53.991     -77.822      19.975
     -49.567      53.749     -77.735      19.973
     -40.454      53.500     -77.648      19.972
     -31.341      53.245     -77.561      19.971
     -22.228      52.995     -77.474      19.969
     -13.113      52.749     -77.387      19.968
      -4.000      52.498     -77.299      19.966
       5.114      52.240     -77.212      19.964
      14.228      51.987     -77.125      19.963
      23.332      51.728     -77.038      19.961
      32.446      51.473     -76.951      19.959
      41.562      51.213     -76.864      19.957
      50.676      50.957     -76.777      19.955
      59.791      50.695     -76.690      19.953
      68.897      50.438     -76.603      19.951
      78.012      50.174     -76.516      19.949
      87.128      49.904     -76.429      19.947
      96.234      49.640     -76.342      19.945
     105.350      49.380     -76.255      19.942
     114.456      49.113     -76.168      19.940
     123.574      48.841     -76.080      19.938
     132.680      48.573     -75.993      19.935
     141.798      48.310     -75.906      19.933
     150.906      48.041     -75.819      19.931
     160.023      47.766     -75.732      19.928
     169.131      47.495     -75.645      19.925
     178.240      47.218     -75.558      19.923
     187.359      46.947     -75.471      19.920
     196.468      46.668     -75.384      19.917
     205.577      46.395     -75.297      19.914
     214.687      46.115     -75.210      19.911
     223.797      45.840     -75.123      19.909
     232.907      45.559     -75.036      19.906
     242.017      45.272     -74.949      19.902
     251.129      45.001     -74.862      19.899
     260.240      44.712     -74.775      19.896
     269.351      44.428     -74.688      19.893
     278.464      44.149     -74.601      19.890
     287.577      43.863     -74.514      19.886
     296.689      43.572     -74.427      19.883
     305.802      43.285     -74.340      19.880
     314.906      42.992     -74.253      19.876
     324.020      42.704     -74.166      19.873
     333.135      42.421     -74.079      19.869
     342.239      42.120     -73.992      19.865
     351.354      41.835     -73.905      19.862
     -76.660      63.543     -77.995      20.059
     -67.541      63.302     -77.908      20.058
     -58.433      63.055     -77.821      20.057
     -49.314      62.812     -77.733      20.055
     -40.206      62.552     -77.646      20.054
     -31.087      62.308     -77.559      20.052
     -21.979      62.058     -77.472      20.051
     -12.860      61.802     -77.385      20.049
      -3.750      61.551     -77.298      20.048
       5.369      61.304     -77.211      20.046
      14.479      61.040     -77.123      20.044
      23.598      60.792     -77.036      20.043
      32.708      60.527     -76.949      20.041
      41.818      60.266     -76.862      20.039
      50.939      60.010     -76.775      20.037
      60.050      59.748     -76.688      20.035
      69.160      59.491     -76.601      20.033
      78.282      59.228     -76.513      20.031
      87.393      58.969     -76.426      20.029
      96.504      58.705     -76.339      20.027
     105.616      58.434     -76.252      20.024
     114.727      58.167     -76.165      20.022
     123.839      57.906     -76.078      20.020
     132.952      57.639     -75.991      20.017
     142.065      57.365     -75.904      20.015
     151.177      57.096     -75.817      20.012
     160.291      56.821     -75.730      20.010
     169.405      56.550     -75.643      20.007
     178.519      56.274     -75.555      20.004
     187.633      56.002     -75.468      20.002
     196.747      55.724     -75.381      19.999
     205.852      55.450     -75.294      19.996
     214.967      55.171     -75.207      19.993
     224.083      54.896     -75.120      19.990
     233.199      54.616     -75.033      19.987
     242.305      54.340     -74.946      19.984
     251.421      54.057     -74.859      19.981
     260.529      53.769     -74.772      19.978
     269.646      53.485     -74.685      19.975
     278.753      53.206     -74.598      19.972
     287.861      52.921     -74.511      19.968
     296.980      52.629     -74.424      19.965
     306.088      52.343     -74.337      19.962
     315.197      52.050     -74.250      19.958
     324.307      51.762     -74.163      19.955
     333.427      51.468     -74.076      19.951
     342.537      51.179     -73.989      19.947
     351.648      50.894     -73.901      19.944
     -76.414      72.606     -77.994      20.141
     -67.300      72.365     -77.907      20.140
     -58.186      72.118     -77.819      20.139
     -49.073      71.864     -77.732      20.137
     -39.948      71.616     -77.645      20.136
     -30.834      71.372     -77.558      20.134
     -21.720      71.122     -77.470      20.133
     -12.606      70.866     -77.383      20.131
      -3.491      70.614     -77.296      20.130
       5.624      70.357     -77.209      20.128
      14.739      70.104     -77.122      20.126
      23.854      69.845     -77.034      20.125
      32.970      69.591     -76.947      20.123
      42.085      69.330     -76.860      20.121
      51.202      69.075     -76.773      20.119
      60.307      68.813     -76.686      20.117
      69.423      68.556     -76.599      20.115
      78.540      68.293     -76.511      20.113
      87.656      68.023     -76.424      20.111
      96.774      67.759     -76.337      20.108
     105.880      67.499     -76.250      20.106
     114.998      67.233     -76.163      20.104
     124.116      66.960     -76.075      20.101
     133.224      66.693     -75.988      20.099
     142.342      66.419     -75.901      20.097
     151.450      66.151     -75.814      20.094
     160.569      65.887     -75.727      20.092
     169.678      65.605     -75.640      20.089
     178.798      65.340     -75.552      20.086
     187.907      65.057     -75.465      20.083
     197.016      64.790     -75.378      20.081
     206.138      64.506     -75.291      20.078
     215.248      64.227     -75.204      20.075
     224.359      63.953     -75.117      20.072
     233.480      63.672     -75.030      20.069
     242.592      63.396     -74.943      20.066
     251.704      63.114     -74.855      20.063
     260.816      62.825     -74.768      20.060
     269.929      62.542     -74.681      20.057
     279.042      62.263     -74.594      20.053
     288.155      61.978     -74.507      20.050
     297.269      61.687     -74.420      20.047
     306.383      61.401     -74.333      20.043
     315.499      61.108     -74.246      20.040
     324.603      60.821     -74.159      20.036
     333.718      60.526     -74.072      20.033
     342.835      60.237     -73.985      20.029
     351.940      59.942     -73.898      20.025
     -76.168      81.669     -77.992      20.223
     -67.049      81.428     -77.905      20.222
     -57.940      81.181     -77.818      20.221
     -48.820      80.928     -77.731      20.219
     -39.701      80.679     -77.643      20.218
     -30.581      80.435     -77.556      20.216
     -21.472      80.175     -77.469      20.215
     -12.352      79.929     -77.382      20.213
      -3.241      79.678     -77.294      20.212
       5.879      79.421     -77.207      20.210
      14.989      79.168     -77.120      20.208
      24.110      78.909     -77.033      20.206
      33.221      78.655     -76.945      20.205
      42.342      78.395     -76.858      20.203
      51.453      78.139     -76.771      20.201
      60.574      77.877     -76.684      20.199
      69.686      77.609     -76.596      20.197
      78.808      77.346     -76.509      20.195
      87.920      77.088     -76.422      20.192
      97.032      76.824     -76.335      20.190
     106.155      76.553     -76.247      20.188
     115.268      76.287     -76.160      20.186
     124.381      76.026     -76.073      20.183
     133.494      75.759     -75.986      20.181
     142.608      75.485     -75.898      20.178
     151.722      75.217     -75.811      20.176
     160.836      74.942     -75.724      20.173
     169.961      74.671     -75.637      20.171
     179.066      74.395     -75.550      20.168
     188.191      74.124     -75.462      20.165
     197.296      73.846     -75.375      20.163
     206.412      73.573     -75.288      20.160
     215.528      73.294     -75.201      20.157
     224.644      73.020     -75.114      20.154
     233.762      72.739     -75.026      20.151
     242.879      72.452     -74.939      20.148
     251.985      72.171     -74.852      20.145
     261.104      71.894     -74.765      20.142
     270.211      71.610     -74.678      20.139
     279.330      71.321     -74.591      20.135
     288.439      71.036     -74.504      20.132
     297.559      70.745     -74.416      20.128
     306.668      70.459     -74.329      20.125
     315.788      70.166     -74.242      20.122
     324.899      69.879     -74.155      20.118
     334.009      69.585     -74.068      20.115
     343.131      69.296     -73.981      20.111
     352.242      69.001     -73.894      20.107
     -75.922      90.733     -77.991      20.305
     -66.808      90.492     -77.904      20.304
     -57.683      90.245     -77.816      20.302
     -48.569      89.991     -77.729      20.301
     -39.454      89.743     -77.642      20.300
     -30.338      89.499     -77.554      20.298
     -21.213      89.238     -77.467      20.297
     -12.098      88.993     -77.380      20.295
      -2.983      88.742     -77.293      20.294
       6.133      88.485     -77.205      20.292
      15.249      88.232     -77.118      20.290
      24.365      87.973     -77.031      20.288
      33.482      87.719     -76.943      20.287
      42.598      87.459     -76.856      20.285
      51.715      87.193     -76.769      20.283
      60.832      86.931     -76.681      20.281
      69.949      86.674     -76.594      20.279
      79.066      86.411     -76.507      20.277
      88.183      86.153     -76.420      20.274
      97.302      85.889     -76.332      20.272
     106.419      85.618     -76.245      20.270
     115.538      85.352     -76.158      20.268
     124.647      85.080     -76.070      20.265
     133.765      84.813     -75.983      20.263
     142.885      84.551     -75.896      20.260
     152.004      84.271     -75.809      20.258
     161.114      84.008     -75.721      20.255
     170.233      83.738     -75.634      20.253
     179.344      83.462     -75.547      20.250
     188.464      83.179     -75.460      20.247
     197.575      82.913     -75.372      20.244
     206.696      82.629     -75.285      20.242
     215.808      82.350     -75.198      20.239
     224.930      82.076     -75.110      20.236
     234.042      81.796     -75.023      20.233
     243.155      81.520     -74.936      20.230
     252.267      81.238     -74.849      20.227
     261.391      80.950     -74.762      20.223
     270.504      80.667     -74.674      20.220
     279.619      80.378     -74.587      20.217
     288.733      80.093     -74.500      20.214
     297.847      79.803     -74.413      20.210
     306.963      79.517     -74.326      20.207
     316.078      79.236     -74.238      20.204
     325.194      78.937     -74.151      20.200
     334.310      78.655     -74.064      20.196
     343.417      78.355     -73.977      20.193
     352.534      78.071     -73.890      20.189
     -75.677      99.796     -77.990      20.387
     -66.557      99.555     -77.902      20.386
     -57.437      99.308     -77.815      20.384
     -48.317      99.055     -77.728      20.383
     -39.206      98.807     -77.640      20.382
     -30.086      98.563     -77.553      20.380
     -20.965      98.302     -77.465      20.378
     -11.844      98.057     -77.378      20.377
      -2.734      97.806     -77.291      20.375
       6.388      97.549     -77.203      20.374
      15.509      97.296     -77.116      20.372
      24.620      97.037     -77.029      20.370
      33.742      96.784     -76.941      20.368
      42.865      96.523     -76.854      20.367
      51.976      96.257     -76.767      20.365
      61.099      95.995     -76.679      20.362
      70.211      95.739     -76.592      20.361
      79.334      95.476     -76.505      20.358
      88.447      95.207     -76.417      20.356
      97.570      94.943     -76.330      20.354
     106.684      94.683     -76.243      20.352
     115.798      94.418     -76.155      20.350
     124.921      94.146     -76.068      20.347
     134.036      93.879     -75.980      20.345
     143.150      93.606     -75.893      20.342
     152.275      93.337     -75.806      20.340
     161.391      93.063     -75.718      20.337
     170.506      92.793     -75.631      20.334
     179.622      92.517     -75.544      20.332
     188.738      92.246     -75.457      20.329
     197.854      91.968     -75.369      20.326
     206.971      91.696     -75.282      20.323
     216.087      91.417     -75.195      20.321
     225.205      91.143     -75.107      20.318
     234.322      90.863     -75.020      20.315
     243.440      90.577     -74.933      20.312
     252.559      90.295     -74.845      20.309
     261.678      90.007     -74.758      20.305
     270.787      89.724     -74.671      20.302
     279.906      89.446     -74.584      20.299
     289.026      89.162     -74.496      20.296
     298.136      88.871     -74.409      20.292
     307.257      88.586     -74.322      20.289
     316.367      88.294     -74.235      20.285
     325.489      88.007     -74.147      20.282
     334.600      87.713     -74.060      20.278
     343.713      87.425     -73.973      20.275
     352.836      87.130     -73.886      20.271
     -75.432     108.859     -77.989      20.469
     -66.306     108.619     -77.901      20.468
     -57.190     108.372     -77.814      20.466
     -48.075     108.119     -77.726      20.465
     -38.949     107.870     -77.639      20.463
     -29.833     107.627     -77.551      20.462
     -20.717     107.377     -77.464      20.461
     -11.591     107.121     -77.376      20.459
      -2.475     106.870     -77.289      20.457
       6.642     106.613     -77.202      20.456
      15.759     106.360     -77.114      20.454
      24.885     106.102     -77.027      20.452
      34.003     105.848     -76.939      20.450
      43.120     105.588     -76.852      20.448
      52.237     105.322     -76.765      20.446
      61.355     105.060     -76.677      20.444
      70.473     104.804     -76.590      20.442
      79.592     104.541     -76.502      20.440
      88.710     104.272     -76.415      20.438
      97.829     104.008     -76.327      20.436
     106.948     103.749     -76.240      20.434
     116.067     103.483     -76.153      20.431
     125.186     103.212     -76.065      20.429
     134.306     102.945     -75.978      20.427
     143.426     102.672     -75.891      20.424
     152.546     102.403     -75.803      20.422
     161.667     102.129     -75.716      20.419
     170.777     101.859     -75.628      20.416
     179.899     101.583     -75.541      20.414
     189.021     101.312     -75.454      20.411
     198.132     101.035     -75.366      20.408
     207.254     100.763     -75.279      20.405
     216.367     100.484     -75.192      20.403
     225.489     100.199     -75.104      20.399
     234.602      99.919     -75.017      20.396
     243.726      99.644     -74.929      20.393
     252.839      99.363     -74.842      20.390
     261.954      99.075     -74.755      20.387
     271.078      98.793     -74.668      20.384
     280.193      98.504     -74.580      20.381
     289.309      98.220     -74.493      20.377
     298.424      97.929     -74.406      20.374
     307.540      97.644     -74.318      20.371
     316.666      97.352     -74.231      20.367
     325.783      97.065     -74.144      20.364
     334.891      96.772     -74.056      20.360
     344.008      96.484     -73.969      20.356
     353.126      96.189     -73.882      20.353
     -75.186     117.934     -77.987      20.551
     -66.065     117.682     -77.900      20.549
     -56.945     117.435     -77.812      20.548
     -47.824     117.193     -77.725      20.547
     -38.702     116.934     -77.637      20.545
     -29.581     116.691     -77.550      20.544
     -20.459     116.441     -77.462      20.542
     -11.338     116.185     -77.375      20.541
      -2.216     115.934     -77.287      20.539
       6.896     115.677     -77.200      20.538
      16.018     115.425     -77.112      20.536
      25.140     115.166     -77.025      20.534
      34.263     114.912     -76.937      20.532
      43.376     114.653     -76.850      20.530
      52.499     114.386     -76.762      20.528
      61.622     114.125     -76.675      20.526
      70.745     113.869     -76.587      20.524
      79.859     113.606     -76.500      20.522
      88.983     113.348     -76.412      20.520
      98.097     113.073     -76.325      20.518
     107.221     112.814     -76.238      20.516
     116.336     112.549     -76.150      20.513
     125.461     112.277     -76.063      20.511
     134.576     112.010     -75.975      20.508
     143.701     111.738     -75.888      20.506
     152.817     111.469     -75.800      20.503
     161.933     111.195     -75.713      20.501
     171.059     110.926     -75.626      20.498
     180.176     110.650     -75.538      20.496
     189.293     110.379     -75.451      20.493
     198.410     110.102     -75.363      20.490
     207.538     109.819     -75.276      20.487
     216.656     109.541     -75.188      20.484
     225.774     109.267     -75.101      20.481
     234.892     108.987     -75.014      20.478
     244.011     108.701     -74.926      20.475
     253.131     108.420     -74.839      20.472
     262.250     108.144     -74.751      20.469
     271.360     107.861     -74.664      20.466
     280.480     107.572     -74.577      20.463
     289.600     107.288     -74.489      20.459
     298.722     106.998     -74.402      20.456
     307.833     106.713     -74.315      20.452
     316.955     106.421     -74.227      20.449
     326.077     106.135     -74.140      20.445
     335.190     105.842     -74.052      20.442
     344.313     105.543     -73.965      20.438
     353.427     105.248     -73.878      20.434
     -74.941     126.998     -77.986      20.633
     -65.815     126.757     -77.898      20.631
     -56.699     126.499     -77.811      20.630
     -47.572     126.257     -77.723      20.629
     -38.455     126.009     -77.636      20.627
     -29.329     125.754     -77.548      20.626
     -20.212     125.505     -77.461      20.624
     -11.085     125.249     -77.373      20.623
      -1.968     124.998     -77.285      20.621
       7.160     124.741     -77.198      20.619
      16.278     124.489     -77.110      20.618
      25.395     124.231     -77.023      20.616
      34.523     123.977     -76.935      20.614
      43.641     123.717     -76.848      20.612
      52.760     123.462     -76.760      20.610
      61.878     123.201     -76.673      20.608
      71.008     122.934     -76.585      20.606
      80.126     122.671     -76.498      20.604
      89.245     122.414     -76.410      20.602
      98.365     122.150     -76.323      20.600
     107.485     121.880     -76.235      20.597
     116.605     121.614     -76.148      20.595
     125.725     121.343     -76.060      20.593
     134.845     121.076     -75.973      20.590
     143.966     120.804     -75.885      20.588
     153.088     120.536     -75.798      20.585
     162.209     120.262     -75.710      20.583
     171.331     119.992     -75.623      20.580
     180.453     119.717     -75.535      20.577
     189.575     119.446     -75.448      20.575
     198.688     119.169     -75.360      20.572
     207.811     118.886     -75.273      20.569
     216.934     118.608     -75.185      20.566
     226.047     118.334     -75.098      20.563
     235.172     118.055     -75.010      20.560
     244.296     117.769     -74.923      20.557
     253.410     117.488     -74.836      20.554
     262.536     117.201     -74.748      20.551
     271.651     116.919     -74.661      20.548
     280.767     116.641     -74.573      20.545
     289.893     116.346     -74.486      20.541
     299.009     116.067     -74.398      20.538
     308.126     115.771     -74.311      20.534
     317.243     115.480     -74.224      20.531
     326.371     115.193     -74.136      20.527
     335.489     114.901     -74.049      20.524
     344.608     114.613     -73.961      20.520
     353.727     114.319     -73.874      20.516
     -74.696     136.073     -77.985      20.715
     -65.575     135.821     -77.897      20.713
     -56.443     135.574     -77.809      20.712
     -47.321     135.321     -77.722      20.711
     -38.199     135.073     -77.634      20.709
     -29.077     134.830     -77.547      20.708
     -19.954     134.569     -77.459      20.706
     -10.832     134.325     -77.371      20.705
      -1.709     134.063     -77.284      20.703
       7.414     133.817     -77.196      20.701
      16.537     133.554     -77.108      20.700
      25.660     133.306     -77.021      20.698
      34.784     133.042     -76.933      20.696
      43.896     132.782     -76.846      20.694
      53.020     132.527     -76.758      20.692
      62.144     132.266     -76.671      20.690
      71.269     131.999     -76.583      20.688
      80.393     131.737     -76.495      20.686
      89.508     131.479     -76.408      20.684
      98.633     131.215     -76.320      20.682
     107.759     130.945     -76.233      20.679
     116.873     130.680     -76.145      20.677
     125.999     130.409     -76.058      20.675
     135.125     130.143     -75.970      20.672
     144.242     129.870     -75.882      20.670
     153.368     129.602     -75.795      20.667
     162.485     129.328     -75.707      20.665
     171.601     129.059     -75.620      20.662
     180.729     128.784     -75.532      20.659
     189.847     128.513     -75.445      20.657
     198.975     128.236     -75.357      20.654
     208.094     127.953     -75.270      20.651
     217.212     127.675     -75.182      20.648
     226.331     127.402     -75.095      20.645
     235.450     127.123     -75.007      20.642
     244.580     126.837     -74.920      20.639
     253.701     126.556     -74.832      20.636
     262.821     126.269     -74.745      20.633
     271.942     125.987     -74.657      20.630
     281.063     125.699     -74.570      20.626
     290.184     125.415     -74.482      20.623
     299.296     125.126     -74.395      20.620
     308.419     124.841     -74.307      20.616
     317.541     124.549     -74.220      20.613
     326.664     124.263     -74.132      20.609
     335.778     123.971     -74.045      20.606
     344.902     123.672     -73.957      20.602
     354.016     123.378     -73.870      20.598
     -74.451     145.136     -77.983      20.796
     -65.324     144.885     -77.896      20.795
     -56.197     144.638     -77.808      20.794
     -47.080     144.396     -77.720      20.793
     -37.952     144.148     -77.633      20.791
     -28.825     143.894     -77.545      20.790
     -19.707     143.645     -77.457      20.788
     -10.579     143.389     -77.370      20.787
      -1.461     143.138     -77.282      20.785
       7.667     142.882     -77.194      20.783
      16.796     142.629     -77.107      20.782
      25.914     142.371     -77.019      20.780
      35.033     142.118     -76.931      20.778
      44.162     141.858     -76.844      20.776
      53.280     141.592     -76.756      20.774
      62.410     141.331     -76.668      20.772
      71.530     141.075     -76.581      20.770
      80.650     140.813     -76.493      20.768
      89.780     140.545     -76.406      20.766
      98.900     140.281     -76.318      20.764
     108.021     140.011     -76.230      20.761
     117.142     139.746     -76.143      20.759
     126.273     139.486     -76.055      20.757
     135.395     139.209     -75.967      20.754
     144.516     138.947     -75.880      20.752
     153.638     138.669     -75.792      20.749
     162.761     138.395     -75.705      20.747
     171.883     138.126     -75.617      20.744
     181.005     137.851     -75.529      20.741
     190.129     137.580     -75.442      20.739
     199.252     137.304     -75.354      20.736
     208.376     137.021     -75.267      20.733
     217.490     136.743     -75.179      20.730
     226.615     136.470     -75.091      20.727
     235.739     136.191     -75.004      20.724
     244.865     135.905     -74.916      20.721
     253.980     135.625     -74.829      20.718
     263.105     135.338     -74.741      20.715
     272.222     135.056     -74.654      20.712
     281.349     134.768     -74.566      20.708
     290.465     134.484     -74.479      20.705
     299.593     134.195     -74.391      20.701
     308.711     133.910     -74.303      20.698
     317.828     133.619     -74.216      20.695
     326.957     133.333     -74.128      20.691
     336.076     133.041     -74.041      20.688
     345.196     132.743     -73.953      20.684
     354.315     132.449     -73.866      20.680
     -74.196     154.212     -77.982      20.878
     -65.074     153.960     -77.894      20.877
     -55.952     153.714     -77.807      20.876
     -46.829     153.461     -77.719      20.875
     -37.707     153.213     -77.631      20.873
     -28.573     152.970     -77.543      20.872
     -19.450     152.709     -77.456      20.870
     -10.326     152.465     -77.368      20.869
      -1.203     152.214     -77.280      20.867
       7.921     151.957     -77.192      20.865
      17.044     151.694     -77.105      20.864
      26.168     151.447     -77.017      20.862
      35.292     151.183     -76.929      20.860
      44.417     150.923     -76.842      20.858
      53.541     150.669     -76.754      20.856
      62.666     150.408     -76.666      20.854
      71.791     150.141     -76.579      20.852
      80.917     149.879     -76.491      20.850
      90.042     149.621     -76.403      20.848
      99.168     149.347     -76.315      20.846
     108.294     149.088     -76.228      20.843
     117.410     148.823     -76.140      20.841
     126.537     148.552     -76.052      20.839
     135.663     148.286     -75.965      20.836
     144.791     148.014     -75.877      20.834
     153.908     147.746     -75.789      20.831
     163.036     147.473     -75.702      20.829
     172.153     147.193     -75.614      20.826
     181.282     146.918     -75.526      20.823
     190.399     146.647     -75.439      20.820
     199.529     146.371     -75.351      20.818
     208.648     146.089     -75.264      20.815
     217.777     145.811     -75.176      20.812
     226.897     145.538     -75.088      20.809
     236.017     145.259     -75.001      20.806
     245.148     144.974     -74.913      20.803
     254.269     144.693     -74.825      20.800
     263.390     144.407     -74.738      20.797
     272.512     144.125     -74.650      20.793
     281.634     143.837     -74.563      20.790
     290.756     143.554     -74.475      20.787
     299.879     143.264     -74.387      20.783
     309.002     142.980     -74.300      20.780
     318.126     142.689     -74.212      20.777
     327.249     142.392     -74.125      20.773
     336.374     142.100     -74.037      20.769
     345.489     141.813     -73.950      20.766
     354.614     141.520     -73.862      20.762
     -73.951     163.276     -77.981      20.960
     -64.834     163.036     -77.893      20.959
     -55.706     162.789     -77.805      20.958
     -46.578     162.536     -77.717      20.956
     -37.450     162.288     -77.630      20.955
     -28.322     162.034     -77.542      20.954
     -19.203     161.785     -77.454      20.952
     -10.075     161.530     -77.366      20.951
      -0.945     161.279     -77.278      20.949
       8.174     161.022     -77.191      20.947
      17.303     160.770     -77.103      20.945
      26.432     160.512     -77.015      20.944
      35.552     160.259     -76.927      20.942
      44.681     160.000     -76.840      20.940
      53.811     159.734     -76.752      20.938
      62.931     159.474     -76.664      20.936
      72.062     159.218     -76.576      20.934
      81.182     158.956     -76.489      20.932
      90.313     158.687     -76.401      20.930
      99.434     158.424     -76.313      20.927
     108.556     158.154     -76.225      20.925
     117.688     157.890     -76.138      20.923
     126.810     157.619     -76.050      20.920
     135.932     157.353     -75.962      20.918
     145.055     157.081     -75.874      20.916
     154.187     156.813     -75.787      20.913
     163.310     156.540     -75.699      20.910
     172.434     156.271     -75.611      20.908
     181.557     155.996     -75.524      20.905
     190.681     155.715     -75.436      20.902
     199.805     155.439     -75.348      20.900
     208.930     155.167     -75.260      20.897
     218.055     154.890     -75.173      20.894
     227.180     154.606     -75.085      20.891
     236.306     154.327     -74.997      20.888
     245.432     154.042     -74.910      20.885
     254.548     153.762     -74.822      20.882
     263.675     153.475     -74.734      20.878
     272.802     153.194     -74.647      20.875
     281.919     152.906     -74.559      20.872
     291.047     152.623     -74.471      20.869
     300.175     152.334     -74.384      20.865
     309.294     152.050     -74.296      20.862
     318.423     151.759     -74.208      20.858
     327.542     151.463     -74.121      20.855
     336.661     151.171     -74.033      20.851
     345.791     150.884     -73.946      20.848
     354.912     150.591     -73.858      20.844
     -73.707     172.352     -77.979      21.042
     -64.584     172.111     -77.892      21.041
     -55.450     171.865     -77.804      21.040
     -46.327     171.612     -77.716      21.038
     -37.204     171.364     -77.628      21.037
     -28.070     171.110     -77.540      21.036
     -18.946     170.861     -77.452      21.034
      -9.823     170.606     -77.365      21.032
      -0.688     170.355     -77.277      21.031
       8.437     170.099     -77.189      21.029
      17.561     169.847     -77.101      21.028
      26.686     169.589     -77.013      21.026
      35.810     169.325     -76.925      21.024
      44.946     169.065     -76.838      21.022
      54.071     168.811     -76.750      21.020
      63.197     168.550     -76.662      21.018
      72.323     168.284     -76.574      21.016
      81.449     168.022     -76.486      21.014
      90.575     167.765     -76.398      21.012
      99.702     167.490     -76.311      21.009
     108.828     167.232     -76.223      21.007
     117.955     166.956     -76.135      21.005
     127.083     166.697     -76.047      21.003
     136.210     166.431     -75.960      21.000
     145.328     166.159     -75.872      20.998
     154.456     165.880     -75.784      20.995
     163.585     165.607     -75.696      20.992
     172.714     165.338     -75.608      20.990
     181.832     165.064     -75.521      20.987
     190.962     164.794     -75.433      20.984
     200.081     164.518     -75.345      20.982
     209.211     164.236     -75.257      20.979
     218.342     163.958     -75.170      20.976
     227.462     163.674     -75.082      20.973
     236.583     163.396     -74.994      20.970
     245.714     163.111     -74.906      20.967
     254.836     162.831     -74.819      20.964
     263.958     162.544     -74.731      20.960
     273.090     162.263     -74.643      20.957
     282.214     161.976     -74.555      20.954
     291.337     161.693     -74.468      20.951
     300.461     161.404     -74.380      20.947
     309.584     161.120     -74.292      20.944
     318.709     160.830     -74.205      20.940
     327.834     160.533     -74.117      20.937
     336.959     160.242     -74.029      20.933
     346.084     159.955     -73.942      20.930
     355.210     159.662     -73.854      20.926
     -73.462     181.427     -77.978      21.124
     -64.334     181.176     -77.890      21.123
     -55.206     180.930     -77.802      21.122
     -46.077     180.688     -77.714      21.121
     -36.948     180.440     -77.626      21.119
     -27.819     180.186     -77.538      21.118
     -18.689     179.937     -77.451      21.116
      -9.570     179.682     -77.363      21.115
      -0.441     179.432     -77.275      21.113
       8.689     179.175     -77.187      21.111
      17.819     178.912     -77.099      21.109
      26.949     178.666     -77.011      21.108
      36.069     178.402     -76.923      21.106
      45.200     178.142     -76.836      21.104
      54.331     177.888     -76.748      21.102
      63.462     177.627     -76.660      21.100
      72.583     177.361     -76.572      21.098
      81.714     177.099     -76.484      21.096
      90.836     176.831     -76.396      21.094
      99.968     176.568     -76.308      21.091
     109.090     176.299     -76.220      21.089
     118.223     176.034     -76.133      21.087
     127.345     175.763     -76.045      21.084
     136.478     175.498     -75.957      21.082
     145.601     175.226     -75.869      21.080
     154.724     174.959     -75.781      21.077
     163.859     174.685     -75.693      21.074
     172.983     174.417     -75.606      21.072
     182.107     174.131     -75.518      21.069
     191.242     173.862     -75.430      21.066
     200.367     173.586     -75.342      21.063
     209.492     173.304     -75.254      21.061
     218.619     173.026     -75.166      21.058
     227.744     172.754     -75.079      21.055
     236.871     172.465     -74.991      21.052
     245.997     172.191     -74.903      21.049
     255.124     171.911     -74.815      21.046
     264.252     171.625     -74.728      21.042
     273.380     171.333     -74.640      21.039
     282.497     171.056     -74.552      21.036
     291.626     170.763     -74.464      21.032
     300.755     170.474     -74.376      21.029
     309.875     170.190     -74.289      21.026
     319.005     169.900     -74.201      21.022
     328.135     169.604     -74.113      21.019
     337.255     169.313     -74.025      21.015
     346.376     169.026     -73.938      21.011
     355.508     168.733     -73.850      21.008
     -73.219     190.504     -77.977      21.206
     -64.085     190.252     -77.889      21.205
     -54.960     190.006     -77.801      21.204
     -45.826     189.764     -77.713      21.202
     -36.702     189.517     -77.625      21.201
     -27.568     189.263     -77.537      21.200
     -18.443     189.014     -77.449      21.198
      -9.308     188.759     -77.361      21.197
      -0.184     188.508     -77.273      21.195
       8.941     188.252     -77.185      21.193
      18.077     187.989     -77.097      21.191
      27.202     187.731     -77.009      21.190
      36.338     187.478     -76.921      21.188
      45.465     187.219     -76.833      21.186
      54.590     186.954     -76.745      21.184
      63.716     186.694     -76.658      21.182
      72.853     186.438     -76.570      21.180
      81.980     186.176     -76.482      21.178
      91.107     185.909     -76.394      21.176
     100.234     185.646     -76.306      21.173
     109.362     185.377     -76.218      21.171
     118.490     185.112     -76.130      21.169
     127.618     184.842     -76.042      21.166
     136.746     184.576     -75.954      21.164
     145.874     184.304     -75.866      21.162
     155.003     184.026     -75.779      21.159
     164.133     183.764     -75.691      21.156
     173.262     183.485     -75.603      21.154
     182.392     183.210     -75.515      21.151
     191.512     182.930     -75.427      21.148
     200.642     182.654     -75.339      21.145
     209.774     182.383     -75.251      21.143
     218.894     182.106     -75.163      21.140
     228.026     181.823     -75.076      21.137
     237.157     181.545     -74.988      21.134
     246.279     181.260     -74.900      21.131
     255.412     180.981     -74.812      21.128
     264.535     180.695     -74.724      21.124
     273.668     180.414     -74.636      21.121
     282.792     180.126     -74.548      21.118
     291.915     179.833     -74.461      21.114
     301.039     179.555     -74.373      21.111
     310.175     179.261     -74.285      21.108
     319.300     178.971     -74.197      21.104
     328.425     178.686     -74.109      21.101
     337.551     178.384     -74.021      21.097
     346.678     178.098     -73.934      21.093
     355.804     177.805     -73.846      21.090
     -72.975     199.580     -77.975      21.288
     -63.845     199.329     -77.887      21.287
     -54.706     199.082     -77.799      21.286
     -45.577     198.841     -77.711      21.285
     -36.446     198.593     -77.623      21.283
     -27.317     198.340     -77.535      21.282
     -18.187     198.091     -77.447      21.280
      -9.057     197.835     -77.359      21.278
       0.074     197.585     -77.271      21.277
       9.205     197.329     -77.183      21.275
      18.335     197.066     -77.095      21.273
      27.466     196.809     -77.007      21.272
      36.597     196.556     -76.919      21.270
      45.718     196.297     -76.831      21.268
      54.849     196.032     -76.743      21.266
      63.981     195.771     -76.655      21.264
      73.113     195.516     -76.567      21.262
      82.245     195.254     -76.479      21.260
      91.367     194.987     -76.392      21.258
     100.501     194.724     -76.303      21.255
     109.633     194.455     -76.215      21.253
     118.756     194.190     -76.128      21.251
     127.890     193.920     -76.040      21.248
     137.024     193.643     -75.952      21.246
     146.147     193.383     -75.864      21.243
     155.282     193.105     -75.776      21.241
     164.407     192.832     -75.688      21.238
     173.531     192.564     -75.600      21.236
     182.666     192.290     -75.512      21.233
     191.791     192.009     -75.424      21.230
     200.928     191.734     -75.336      21.227
     210.054     191.452     -75.248      21.225
     219.180     191.175     -75.160      21.222
     228.306     190.903     -75.072      21.219
     237.434     190.614     -74.984      21.216
     246.561     190.341     -74.896      21.213
     255.699     190.050     -74.809      21.209
     264.828     189.764     -74.721      21.206
     273.946     189.483     -74.633      21.203
     283.075     189.197     -74.545      21.200
     292.204     188.914     -74.457      21.196
     301.334     188.626     -74.369      21.193
     310.465     188.332     -74.281      21.190
     319.595     188.042     -74.193      21.186
     328.716     187.757     -74.105      21.183
     337.847     187.466     -74.018      21.179
     346.979     187.169     -73.930      21.175
     356.101     186.877     -73.842      21.171
     -72.720     208.657     -77.974      21.370
     -63.596     208.417     -77.886      21.369
     -54.461     208.170     -77.798      21.368
     -45.326     207.918     -77.710      21.367
     -36.202     207.670     -77.622      21.365
     -27.066     207.416     -77.534      21.364
     -17.931     207.168     -77.446      21.362
      -8.805     206.913     -77.358      21.361
       0.331     206.662     -77.270      21.359
       9.456     206.406     -77.182      21.357
      18.592     206.144     -77.093      21.355
      27.718     205.886     -77.005      21.354
      36.855     205.633     -76.917      21.352
      45.982     205.374     -76.829      21.350
      55.118     205.109     -76.741      21.348
      64.246     204.849     -76.653      21.346
      73.373     204.594     -76.565      21.344
      82.511     204.321     -76.477      21.342
      91.638     204.065     -76.389      21.340
     100.766     203.791     -76.301      21.337
     109.895     203.533     -76.213      21.335
     119.033     203.258     -76.125      21.333
     128.161     202.999     -76.037      21.330
     137.291     202.722     -75.949      21.328
     146.420     202.451     -75.861      21.325
     155.549     202.184     -75.773      21.323
     164.680     201.911     -75.685      21.320
     173.810     201.633     -75.597      21.318
     182.940     201.358     -75.509      21.315
     192.071     201.089     -75.421      21.312
     201.202     200.814     -75.333      21.309
     210.334     200.532     -75.245      21.306
     219.466     200.256     -75.157      21.304
     228.588     199.973     -75.069      21.301
     237.720     199.695     -74.981      21.298
     246.854     199.410     -74.893      21.295
     255.976     199.131     -74.805      21.291
     265.110     198.846     -74.717      21.288
     274.244     198.565     -74.629      21.285
     283.368     198.278     -74.541      21.282
     292.493     197.985     -74.453      21.278
     301.628     197.697     -74.365      21.275
     310.754     197.414     -74.277      21.271
     319.890     197.124     -74.189      21.268
     329.016     196.829     -74.102      21.264
     338.142     196.538     -74.014      21.261
     347.270     196.241     -73.926      21.257
     356.397     195.949     -73.838      21.253
     -72.477     217.734     -77.973      21.452
     -63.346     217.494     -77.885      21.451
     -54.217     217.247     -77.797      21.450
     -45.076     216.995     -77.708      21.448
     -35.946     216.747     -77.620      21.447
     -26.815     216.494     -77.532      21.446
     -17.685     216.245     -77.444      21.444
      -8.554     215.990     -77.356      21.442
       0.587     215.740     -77.268      21.441
       9.718     215.484     -77.180      21.439
      18.850     215.221     -77.091      21.437
      27.981     214.964     -77.003      21.436
      37.113     214.711     -76.915      21.434
      46.245     214.452     -76.827      21.432
      55.377     214.187     -76.739      21.430
      64.510     213.927     -76.651      21.428
      73.643     213.672     -76.563      21.426
      82.775     213.400     -76.475      21.424
      91.908     213.143     -76.387      21.422
     101.032     212.881     -76.299      21.419
     110.165     212.612     -76.211      21.417
     119.299     212.337     -76.122      21.415
     128.433     212.078     -76.034      21.412
     137.557     211.802     -75.946      21.410
     146.692     211.530     -75.858      21.407
     155.827     211.264     -75.770      21.405
     164.953     210.991     -75.682      21.402
     174.088     210.712     -75.594      21.400
     183.214     210.438     -75.506      21.397
     192.350     210.169     -75.418      21.394
     201.476     209.883     -75.330      21.391
     210.614     209.613     -75.242      21.389
     219.741     209.336     -75.154      21.386
     228.878     209.053     -75.066      21.383
     238.006     208.776     -74.978      21.380
     247.134     208.491     -74.890      21.376
     256.262     208.201     -74.802      21.373
     265.392     207.927     -74.714      21.370
     274.531     207.636     -74.626      21.367
     283.661     207.349     -74.538      21.364
     292.791     207.067     -74.450      21.360
     301.921     206.779     -74.362      21.357
     311.053     206.485     -74.274      21.353
     320.174     206.196     -74.186      21.350
     329.305     205.912     -74.098      21.346
     338.437     205.610     -74.010      21.343
     347.570     205.325     -73.922      21.339
     356.693     205.022     -73.834      21.335
     -72.232     226.822     -77.971      21.535
     -63.098     226.571     -77.883      21.533
     -53.962     226.325     -77.795      21.532
     -44.827     226.072     -77.707      21.531
     -35.701     225.825     -77.619      21.529
     -26.565     225.571     -77.531      21.528
     -17.429     225.323     -77.442      21.526
      -8.293     225.068     -77.354      21.524
       0.834     224.818     -77.266      21.523
       9.970     224.562     -77.178      21.521
      19.107     224.311     -77.090      21.520
      28.233     224.053     -77.002      21.518
      37.371     223.790     -76.913      21.516
      46.508     223.531     -76.825      21.514
      55.636     223.266     -76.737      21.512
      64.773     223.006     -76.649      21.510
      73.901     222.751     -76.561      21.508
      83.039     222.479     -76.473      21.506
      92.168     222.222     -76.384      21.504
     101.307     221.960     -76.296      21.501
     110.436     221.691     -76.208      21.499
     119.565     221.416     -76.120      21.497
     128.705     221.146     -76.032      21.494
     137.834     220.881     -75.944      21.492
     146.964     220.610     -75.856      21.489
     156.094     220.344     -75.768      21.487
     165.236     220.071     -75.679      21.484
     174.366     219.792     -75.591      21.482
     183.498     219.519     -75.503      21.479
     192.629     219.239     -75.415      21.476
     201.761     218.964     -75.327      21.473
     210.893     218.693     -75.239      21.471
     220.025     218.406     -75.151      21.468
     229.159     218.134     -75.063      21.465
     238.292     217.846     -74.975      21.462
     247.415     217.573     -74.886      21.458
     256.549     217.283     -74.798      21.455
     265.684     216.998     -74.710      21.452
     274.818     216.718     -74.622      21.449
     283.943     216.431     -74.534      21.446
     293.079     216.139     -74.446      21.442
     302.204     215.851     -74.358      21.439
     311.341     215.568     -74.270      21.435
     320.467     215.279     -74.182      21.432
     329.604     214.984     -74.094      21.428
     338.732     214.694     -74.006      21.425
     347.870     214.397     -73.918      21.421
     356.998     214.105     -73.830      21.417
     -71.989     235.900     -77.970      21.617
     -62.848     235.649     -77.882      21.615
     -53.718     235.402     -77.794      21.614
     -44.577     235.161     -77.705      21.613
     -35.446     234.903     -77.617      21.611
     -26.315     234.660     -77.529      21.610
     -17.173     234.401     -77.441      21.608
      -8.042     234.146     -77.352      21.607
       1.090     233.896     -77.264      21.605
      10.232     233.640     -77.176      21.603
      19.364     233.389     -77.088      21.601
      28.496     233.132     -76.999      21.600
      37.628     232.868     -76.911      21.598
      46.761     232.609     -76.823      21.596
      55.904     232.356     -76.735      21.594
      65.037     232.085     -76.647      21.592
      74.170     231.830     -76.558      21.590
      83.304     231.569     -76.470      21.588
      92.437     231.301     -76.382      21.586
     101.572     231.039     -76.294      21.583
     110.707     230.771     -76.206      21.581
     119.841     230.496     -76.117      21.579
     128.976     230.237     -76.029      21.576
     138.100     229.961     -75.941      21.574
     147.236     229.690     -75.853      21.571
     156.371     229.424     -75.765      21.569
     165.508     229.151     -75.676      21.566
     174.644     228.873     -75.588      21.564
     183.771     228.599     -75.500      21.561
     192.907     228.319     -75.412      21.558
     202.035     228.044     -75.324      21.555
     211.172     227.763     -75.236      21.552
     220.310     227.487     -75.147      21.549
     229.438     227.205     -75.059      21.546
     238.567     226.927     -74.971      21.544
     247.706     226.644     -74.883      21.540
     256.835     226.365     -74.795      21.537
     265.975     226.080     -74.707      21.534
     275.105     225.800     -74.619      21.531
     284.235     225.514     -74.531      21.528
     293.366     225.221     -74.442      21.524
     302.497     224.934     -74.354      21.521
     311.629     224.640     -74.266      21.517
     320.761     224.351     -74.178      21.514
     329.893     224.067     -74.090      21.510
     339.026     223.766     -74.002      21.507
     348.159     223.481     -73.914      21.503
     357.293     223.179     -73.826      21.499
     -71.735     244.978     -77.969      21.698
     -62.600     244.738     -77.880      21.697
     -53.463     244.492     -77.792      21.696
     -44.327     244.239     -77.704      21.695
     -35.191     243.992     -77.616      21.693
     -26.064     243.739     -77.527      21.692
     -16.928     243.490     -77.439      21.690
      -7.791     243.236     -77.351      21.689
       1.346     242.975     -77.262      21.687
      10.483     242.730     -77.174      21.685
      19.621     242.468     -77.086      21.684
      28.759     242.210     -76.997      21.682
      37.886     241.958     -76.909      21.680
      47.024     241.689     -76.821      21.678
      56.163     241.435     -76.733      21.676
      65.301     241.175     -76.644      21.674
      74.429     240.909     -76.556      21.672
      83.568     240.648     -76.468      21.670
      92.697     240.381     -76.380      21.668
     101.837     240.119     -76.291      21.665
     110.976     239.850     -76.203      21.663
     120.106     239.587     -76.115      21.661
     129.246     239.317     -76.027      21.658
     138.377     239.041     -75.938      21.656
     147.508     238.770     -75.850      21.653
     156.648     238.504     -75.762      21.651
     165.780     238.232     -75.674      21.648
     174.911     237.954     -75.586      21.646
     184.053     237.680     -75.497      21.643
     193.186     237.401     -75.409      21.640
     202.318     237.126     -75.321      21.637
     211.451     236.845     -75.233      21.634
     220.584     236.569     -75.144      21.632
     229.718     236.286     -75.056      21.628
     238.851     236.009     -74.968      21.625
     247.986     235.726     -74.880      21.622
     257.120     235.447     -74.792      21.619
     266.255     235.162     -74.703      21.616
     275.391     234.872     -74.615      21.613
     284.527     234.586     -74.527      21.610
     293.663     234.304     -74.439      21.606
     302.789     234.017     -74.351      21.603
     311.927     233.724     -74.262      21.599
     321.064     233.435     -74.174      21.596
     330.192     233.140     -74.086      21.592
     339.330     232.850     -73.998      21.589
     348.458     232.554     -73.910      21.585
     357.587     232.263     -73.822      21.581
     -71.492     254.067     -77.967      21.781
     -62.351     253.816     -77.879      21.779
     -53.220     253.570     -77.791      21.778
     -44.078     253.318     -77.702      21.777
     -34.946     253.071     -77.614      21.775
     -25.804     252.818     -77.526      21.774
     -16.673     252.569     -77.437      21.772
      -7.530     252.314     -77.349      21.771
       1.602     252.065     -77.261      21.769
      10.744     251.809     -77.172      21.767
      19.877     251.547     -77.084      21.765
      29.010     251.290     -76.996      21.764
      38.153     251.037     -76.907      21.762
      47.286     250.779     -76.819      21.760
      56.420     250.514     -76.731      21.758
      65.564     250.255     -76.642      21.756
      74.698     249.989     -76.554      21.754
      83.832     249.728     -76.466      21.752
      92.967     249.461     -76.377      21.750
     102.101     249.199     -76.289      21.747
     111.236     248.931     -76.201      21.745
     120.371     248.667     -76.112      21.743
     129.517     248.398     -76.024      21.740
     138.653     248.122     -75.936      21.738
     147.789     247.851     -75.847      21.735
     156.925     247.585     -75.759      21.733
     166.052     247.313     -75.671      21.730
     175.188     247.035     -75.583      21.728
     184.326     246.761     -75.494      21.725
     193.464     246.482     -75.406      21.722
     202.601     246.207     -75.318      21.719
     211.729     245.927     -75.229      21.716
     220.868     245.651     -75.141      21.713
     230.007     245.369     -75.053      21.711
     239.136     245.092     -74.965      21.708
     248.275     244.808     -74.876      21.704
     257.405     244.530     -74.788      21.701
     266.546     244.245     -74.700      21.698
     275.676     243.954     -74.612      21.695
     284.818     243.669     -74.523      21.691
     293.949     243.388     -74.435      21.688
     303.081     243.090     -74.347      21.685
     312.214     242.807     -74.259      21.681
     321.356     242.519     -74.171      21.678
     330.489     242.224     -74.082      21.674
     339.622     241.935     -73.994      21.671
     348.757     241.639     -73.906      21.667
     357.891     241.348     -73.818      21.663
     -71.249     263.157     -77.966      21.863
     -62.113     262.906     -77.878      21.861
     -52.965     262.660     -77.789      21.860
     -43.829     262.408     -77.701      21.859
     -34.691     262.161     -77.612      21.857
     -25.555     261.908     -77.524      21.856
     -16.417     261.659     -77.436      21.854
      -7.280     261.405     -77.347      21.853
       1.858     261.144     -77.259      21.851
      10.995     260.888     -77.170      21.849
      20.133     260.637     -77.082      21.848
      29.272     260.380     -76.994      21.846
      38.410     260.117     -76.905      21.844
      47.549     259.859     -76.817      21.842
      56.688     259.605     -76.728      21.840
      65.827     259.335     -76.640      21.838
      74.956     259.080     -76.552      21.836
      84.095     258.808     -76.463      21.834
      93.235     258.552     -76.375      21.832
     102.376     258.279     -76.286      21.829
     111.506     258.011     -76.198      21.827
     120.646     257.748     -76.110      21.825
     129.787     257.478     -76.021      21.822
     138.918     257.214     -75.933      21.820
     148.059     256.943     -75.845      21.817
     157.191     256.666     -75.756      21.815
     166.333     256.394     -75.668      21.812
     175.466     256.116     -75.580      21.810
     184.608     255.843     -75.491      21.807
     193.741     255.575     -75.403      21.804
     202.874     255.289     -75.315      21.801
     212.017     255.020     -75.226      21.799
     221.151     254.733     -75.138      21.795
     230.286     254.451     -75.050      21.792
     239.420     254.174     -74.961      21.789
     248.565     253.891     -74.873      21.786
     257.701     253.613     -74.785      21.783
     266.836     253.329     -74.696      21.780
     275.972     253.038     -74.608      21.777
     285.099     252.752     -74.520      21.774
     294.235     252.472     -74.432      21.770
     303.373     252.174     -74.343      21.767
     312.510     251.892     -74.255      21.763
     321.648     251.592     -74.167      21.760
     330.787     251.309     -74.078      21.756
     339.916     251.009     -73.990      21.753
     349.055     250.724     -73.902      21.749
     358.185     250.422     -73.814      21.745
     -70.996     272.236     -77.965      21.945
     -61.864     271.985     -77.876      21.943
     -52.722     271.740     -77.788      21.942
     -43.580     271.499     -77.699      21.941
     -34.448     271.241     -77.611      21.939
     -25.305     270.987     -77.522      21.938
     -16.162     270.739     -77.434      21.936
      -7.030     270.484     -77.345      21.935
       2.113     270.235     -77.257      21.933
      11.256     269.979     -77.169      21.931
      20.390     269.717     -77.080      21.930
      29.533     269.460     -76.992      21.928
      38.667     269.208     -76.903      21.926
      47.811     268.950     -76.815      21.924
      56.945     268.686     -76.726      21.922
      66.089     268.426     -76.638      21.920
      75.224     268.161     -76.549      21.918
      84.359     267.900     -76.461      21.916
      93.504     267.633     -76.372      21.914
     102.639     267.371     -76.284      21.912
     111.775     267.103     -76.196      21.909
     120.921     266.829     -76.107      21.907
     130.057     266.560     -76.019      21.904
     139.194     266.295     -75.930      21.902
     148.330     266.025     -75.842      21.899
     157.467     265.748     -75.754      21.897
     166.604     265.476     -75.665      21.894
     175.742     265.210     -75.577      21.892
     184.879     264.925     -75.488      21.889
     194.018     264.657     -75.400      21.886
     203.156     264.372     -75.312      21.883
     212.296     264.103     -75.223      21.881
     221.434     263.816     -75.135      21.878
     230.574     263.534     -75.046      21.875
     239.704     263.257     -74.958      21.872
     248.844     262.974     -74.870      21.868
     257.985     262.696     -74.781      21.865
     267.116     262.412     -74.693      21.862
     276.257     262.122     -74.605      21.859
     285.389     261.836     -74.516      21.855
     294.531     261.545     -74.428      21.852
     303.664     261.258     -74.340      21.849
     312.807     260.976     -74.251      21.845
     321.940     260.677     -74.163      21.842
     331.073     260.394     -74.075      21.838
     340.218     260.094     -73.986      21.834
     349.352     259.798     -73.898      21.831
     358.487     259.508     -73.810      21.827
     -70.753     281.327     -77.963      22.027
     -61.616     281.076     -77.875      22.025
     -52.468     280.830     -77.786      22.024
     -43.331     280.578     -77.698      22.023
     -34.193     280.332     -77.609      22.021
     -25.055     280.078     -77.521      22.020
     -15.907     279.830     -77.432      22.018
      -6.769     279.576     -77.344      22.017
       2.368     279.315     -77.255      22.015
      11.507     279.071     -77.167      22.014
      20.646     278.809     -77.078      22.012
      29.784     278.552     -76.990      22.010
      38.934     278.289     -76.901      22.008
      48.073     278.031     -76.813      22.006
      57.213     277.778     -76.724      22.004
      66.352     277.507     -76.636      22.002
      75.492     277.253     -76.547      22.000
      84.632     276.981     -76.459      21.998
      93.772     276.725     -76.370      21.996
     102.903     276.453     -76.282      21.993
     112.044     276.185     -76.193      21.991
     121.185     275.922     -76.105      21.989
     130.327     275.652     -76.016      21.986
     139.469     275.377     -75.928      21.984
     148.600     275.107     -75.839      21.982
     157.742     274.841     -75.751      21.979
     166.885     274.570     -75.662      21.976
     176.018     274.292     -75.574      21.974
     185.162     274.019     -75.485      21.971
     194.294     273.740     -75.397      21.968
     203.438     273.466     -75.309      21.965
     212.573     273.185     -75.220      21.962
     221.717     272.910     -75.132      21.960
     230.852     272.629     -75.043      21.957
     239.987     272.341     -74.955      21.954
     249.133     272.058     -74.866      21.950
     258.269     271.780     -74.778      21.947
     267.405     271.496     -74.689      21.944
     276.542     271.206     -74.601      21.941
     285.678     270.921     -74.513      21.938
     294.816     270.629     -74.424      21.934
     303.954     270.343     -74.336      21.931
     313.093     270.050     -74.247      21.927
     322.231     269.762     -74.159      21.924
     331.370     269.468     -74.071      21.920
     340.510     269.180     -73.982      21.917
     349.650     268.884     -73.894      21.913
     358.780     268.594     -73.806      21.909
     -70.510     290.418     -77.962      22.109
     -61.367     290.167     -77.873      22.108
     -52.225     289.922     -77.785      22.106
     -43.082     289.670     -77.696      22.105
     -33.939     289.423     -77.608      22.104
     -24.796     289.170     -77.519      22.102
     -15.653     288.911     -77.430      22.100
      -6.520     288.667     -77.342      22.099
       2.624     288.407     -77.253      22.097
      11.767     288.151     -77.165      22.096
      20.911     287.901     -77.076      22.094
      30.045     287.644     -76.988      22.092
      39.190     287.381     -76.899      22.090
      48.335     287.123     -76.811      22.088
      57.469     286.859     -76.722      22.086
      66.614     286.600     -76.633      22.084
      75.749     286.334     -76.545      22.082
      84.895     286.074     -76.456      22.080
      94.031     285.807     -76.368      22.078
     103.177     285.545     -76.279      22.076
     112.313     285.278     -76.191      22.073
     121.460     285.004     -76.102      22.071
     130.596     284.735     -76.014      22.069
     139.733     284.470     -75.925      22.066
     148.880     284.200     -75.837      22.064
     158.018     283.924     -75.748      22.061
     167.156     283.652     -75.660      22.058
     176.294     283.375     -75.571      22.056
     185.432     283.102     -75.482      22.053
     194.582     282.823     -75.394      22.050
     203.721     282.549     -75.305      22.047
     212.860     282.269     -75.217      22.045
     221.999     281.994     -75.128      22.042
     231.140     281.713     -75.040      22.039
     240.280     281.425     -74.951      22.035
     249.411     281.142     -74.863      22.032
     258.553     280.865     -74.774      22.029
     267.694     280.581     -74.686      22.026
     276.836     280.291     -74.598      22.023
     285.968     280.006     -74.509      22.020
     295.111     279.725     -74.421      22.016
     304.255     279.428     -74.332      22.013
     313.388     279.147     -74.244      22.009
     322.532     278.848     -74.155      22.006
     331.666     278.554     -74.067      22.002
     340.811     278.266     -73.978      21.999
     349.947     277.971     -73.890      21.995
     359.082     277.681     -73.801      21.991
     -70.257     299.499     -77.961      22.191
     -61.120     299.259     -77.872      22.190
     -51.972     299.002     -77.783      22.188
     -42.834     298.762     -77.695      22.187
     -33.685     298.504     -77.606      22.185
     -24.547     298.262     -77.518      22.184
     -15.409     298.003     -77.429      22.183
      -6.260     297.748     -77.340      22.181
       2.879     297.499     -77.252      22.179
      12.028     297.244     -77.163      22.178
      21.167     296.982     -77.074      22.176
      30.306     296.725     -76.986      22.174
      39.446     296.473     -76.897      22.172
      48.596     296.205     -76.808      22.170
      57.736     295.952     -76.720      22.168
      66.876     295.692     -76.631      22.166
      76.017     295.427     -76.543      22.164
      85.157     295.156     -76.454      22.162
      94.298     294.900     -76.365      22.160
     103.439     294.628     -76.277      22.158
     112.581     294.360     -76.188      22.155
     121.723     294.097     -76.100      22.153
     130.865     293.828     -76.011      22.151
     140.007     293.553     -75.922      22.148
     149.150     293.283     -75.834      22.146
     158.293     293.018     -75.745      22.143
     167.436     292.736     -75.657      22.140
     176.569     292.469     -75.568      22.138
     185.713     292.185     -75.479      22.135
     194.857     291.918     -75.391      22.132
     203.992     291.633     -75.302      22.129
     213.137     291.364     -75.214      22.127
     222.282     291.078     -75.125      22.124
     231.417     290.797     -75.037      22.121
     240.563     290.520     -74.948      22.118
     249.700     290.238     -74.860      22.115
     258.846     289.949     -74.771      22.111
     267.982     289.666     -74.683      22.108
     277.120     289.376     -74.594      22.105
     286.257     289.091     -74.506      22.101
     295.406     288.811     -74.417      22.098
     304.544     288.514     -74.328      22.095
     313.683     288.233     -74.240      22.091
     322.823     287.934     -74.151      22.088
     331.962     287.641     -74.063      22.084
     341.102     287.352     -73.974      22.080
     350.243     287.057     -73.886      22.077
     359.384     286.768     -73.797      22.073
